alpha beta ele Cl
-20 -30 -25 -0.0045
-15 -30 -25 -0.0031
-10 -30 -25 -0.0009
-5 -30 -25 0.0299
0 -30 -25 0.0276
5 -30 -25 0.0386
10 -30 -25 0.056
15 -30 -25 0.0731
20 -30 -25 0.0763
25 -30 -25 0.091
30 -30 -25 0.0747
35 -30 -25 0.0578
40 -30 -25 0.0624
45 -30 -25 0.0778
50 -30 -25 0.0592
55 -30 -25 0.0523
60 -30 -25 0.0588
70 -30 -25 0.0742
80 -30 -25 0.0632
90 -30 -25 0.0608
-20 -25 -25 0.008
-15 -25 -25 0.0076
-10 -25 -25 0.0119
-5 -25 -25 0.0246
0 -25 -25 0.0285
5 -25 -25 0.0333
10 -25 -25 0.0556
15 -25 -25 0.0664
20 -25 -25 0.071
25 -25 -25 0.0713
30 -25 -25 0.0433
35 -25 -25 0.0404
40 -25 -25 0.0564
45 -25 -25 0.0553
50 -25 -25 0.0555
55 -25 -25 0.0393
60 -25 -25 0.0391
70 -25 -25 0.0632
80 -25 -25 0.0525
90 -25 -25 0.0467
-20 -20 -25 0.0148
-15 -20 -25 0.0195
-10 -20 -25 0.0197
-5 -20 -25 0.0234
0 -20 -25 0.0262
5 -20 -25 0.0325
10 -20 -25 0.0538
15 -20 -25 0.0623
20 -20 -25 0.0656
25 -20 -25 0.0627
30 -20 -25 0.0105
35 -20 -25 0.0327
40 -20 -25 0.0312
45 -20 -25 0.0334
50 -20 -25 0.0456
55 -20 -25 0.0327
60 -20 -25 0.0314
70 -20 -25 0.053
80 -20 -25 0.0423
90 -20 -25 0.037
-20 -15 -25 0.0232
-15 -15 -25 0.0259
-10 -15 -25 0.0208
-5 -15 -25 0.0212
0 -15 -25 0.0225
5 -15 -25 0.0278
10 -15 -25 0.0453
15 -15 -25 0.0562
20 -15 -25 0.0553
25 -15 -25 0.0513
30 -15 -25 0.0114
35 -15 -25 0.0058
40 -15 -25 0.0091
45 -15 -25 0.0224
50 -15 -25 0.0327
55 -15 -25 0.021
60 -15 -25 0.0208
70 -15 -25 0.022
80 -15 -25 0.0327
90 -15 -25 0.026
-20 -10 -25 0.0283
-15 -10 -25 0.0204
-10 -10 -25 0.0152
-5 -10 -25 0.0179
0 -10 -25 0.0189
5 -10 -25 0.0236
10 -10 -25 0.0344
15 -10 -25 0.0433
20 -10 -25 0.0456
25 -10 -25 0.0397
30 -10 -25 0.0029
35 -10 -25 -0.0059
40 -10 -25 0.0036
45 -10 -25 0.014
50 -10 -25 0.0156
55 -10 -25 0.0067
60 -10 -25 0.0115
70 -10 -25 0.025
80 -10 -25 0.022
90 -10 -25 0.022
-20 -8 -25 0.0253
-15 -8 -25 0.0174
-10 -8 -25 0.0124
-5 -8 -25 0.0145
0 -8 -25 0.0151
5 -8 -25 0.0191
10 -8 -25 0.0283
15 -8 -25 0.0355
20 -8 -25 0.0379
25 -8 -25 0.0331
30 -8 -25 0.0156
35 -8 -25 -0.0146
40 -8 -25 0.0051
45 -8 -25 0.013
50 -8 -25 0.0133
55 -8 -25 0.0094
60 -8 -25 0.01
70 -8 -25 0.0219
80 -8 -25 0.0185
90 -8 -25 0.019
-20 -6 -25 0.0234
-15 -6 -25 0.0147
-10 -6 -25 0.0112
-5 -6 -25 0.0114
0 -6 -25 0.0112
5 -6 -25 0.0138
10 -6 -25 0.0216
15 -6 -25 0.0266
20 -6 -25 0.0286
25 -6 -25 0.0261
30 -6 -25 0.0184
35 -6 -25 -0.0143
40 -6 -25 0.0115
45 -6 -25 0.0081
50 -6 -25 0.0116
55 -6 -25 0.0112
60 -6 -25 0.0084
70 -6 -25 0.0153
80 -6 -25 0.0185
90 -6 -25 0.0154
-20 -4 -25 0.0194
-15 -4 -25 0.0123
-10 -4 -25 0.008
-5 -4 -25 0.0073
0 -4 -25 0.0075
5 -4 -25 0.0092
10 -4 -25 0.0145
15 -4 -25 0.0179
20 -4 -25 0.0187
25 -4 -25 0.0175
30 -4 -25 0.013
35 -4 -25 -0.0098
40 -4 -25 0.0055
45 -4 -25 0.0079
50 -4 -25 0.0076
55 -4 -25 0.0095
60 -4 -25 0.0042
70 -4 -25 0.0126
80 -4 -25 0.0096
90 -4 -25 0.0098
-20 -2 -25 0.0136
-15 -2 -25 0.0078
-10 -2 -25 0.0051
-5 -2 -25 0.0031
0 -2 -25 0.0035
5 -2 -25 0.0045
10 -2 -25 0.0065
15 -2 -25 0.0085
20 -2 -25 0.0095
25 -2 -25 0.0088
30 -2 -25 0.0095
35 -2 -25 -0.0137
40 -2 -25 0.0007
45 -2 -25 0.0027
50 -2 -25 0.0042
55 -2 -25 0.0095
60 -2 -25 0.0026
70 -2 -25 0.0086
80 -2 -25 0.0085
90 -2 -25 0.0063
-20 0 -25 0.0015
-15 0 -25 0.0017
-10 0 -25 0.0024
-5 0 -25 0.0001
0 0 -25 0
5 0 -25 -0.0004
10 0 -25 -0.0002
15 0 -25 -0.0006
20 0 -25 0.0002
25 0 -25 0
30 0 -25 0.0004
35 0 -25 -0.0126
40 0 -25 -0.0041
45 0 -25 -0.001
50 0 -25 -0.0013
55 0 -25 0.007
60 0 -25 -0.0022
70 0 -25 0.0029
80 0 -25 0.0018
90 0 -25 0.0007
-20 2 -25 -0.0081
-15 2 -25 -0.0042
-10 2 -25 -0.0023
-5 2 -25 -0.0038
0 2 -25 -0.0035
5 2 -25 -0.0051
10 2 -25 -0.007
15 2 -25 -0.0093
20 2 -25 -0.0099
25 2 -25 -0.0089
30 2 -25 -0.0062
35 2 -25 -0.0108
40 2 -25 -0.0118
45 2 -25 -0.0062
50 2 -25 -0.0035
55 2 -25 0.0006
60 2 -25 -0.0048
70 2 -25 -0.0037
80 2 -25 -0.0021
90 2 -25 0.0001
-20 4 -25 -0.0152
-15 4 -25 -0.0084
-10 4 -25 -0.0053
-5 4 -25 -0.008
0 4 -25 -0.0075
5 4 -25 -0.0098
10 4 -25 -0.0145
15 4 -25 -0.0189
20 4 -25 -0.0178
25 4 -25 -0.0174
30 4 -25 -0.012
35 4 -25 -0.0117
40 4 -25 -0.0158
45 4 -25 -0.0092
50 4 -25 -0.0078
55 4 -25 -0.006
60 4 -25 -0.0071
70 4 -25 -0.0073
80 4 -25 -0.0057
90 4 -25 -0.0005
-20 6 -25 -0.0195
-15 6 -25 -0.0129
-10 6 -25 -0.0094
-5 6 -25 -0.0122
0 6 -25 -0.0114
5 6 -25 -0.0142
10 6 -25 -0.0221
15 6 -25 -0.0292
20 6 -25 -0.0291
25 6 -25 -0.0263
30 6 -25 -0.0156
35 6 -25 -0.0129
40 6 -25 -0.0164
45 6 -25 -0.0134
50 6 -25 -0.0103
55 6 -25 -0.0106
60 6 -25 -0.0117
70 6 -25 -0.0114
80 6 -25 -0.0106
90 6 -25 -0.0079
-20 8 -25 -0.0224
-15 8 -25 -0.0145
-10 8 -25 -0.0112
-5 8 -25 -0.0148
0 8 -25 -0.0151
5 8 -25 -0.0192
10 8 -25 -0.0284
15 8 -25 -0.0373
20 8 -25 -0.0367
25 8 -25 -0.0347
30 8 -25 -0.019
35 8 -25 -0.0096
40 8 -25 -0.0191
45 8 -25 -0.0145
50 8 -25 -0.0183
55 8 -25 -0.021
60 8 -25 -0.0154
70 8 -25 -0.0124
80 8 -25 -0.0138
90 8 -25 -0.0145
-20 10 -25 -0.023
-15 10 -25 -0.0172
-10 10 -25 -0.0134
-5 10 -25 -0.0187
0 10 -25 -0.0187
5 10 -25 -0.0234
10 10 -25 -0.0345
15 10 -25 -0.0439
20 10 -25 -0.0446
25 10 -25 -0.0411
30 10 -25 -0.0221
35 10 -25 -0.0026
40 10 -25 -0.0171
45 10 -25 -0.0188
50 10 -25 -0.0213
55 10 -25 -0.0103
60 10 -25 -0.0163
70 10 -25 -0.0143
80 10 -25 -0.0172
90 10 -25 -0.0184
-20 15 -25 -0.0181
-15 15 -25 -0.0228
-10 15 -25 -0.0196
-5 15 -25 -0.022
0 15 -25 -0.0223
5 15 -25 -0.0296
10 15 -25 -0.0449
15 15 -25 -0.0574
20 15 -25 -0.054
25 15 -25 -0.0525
30 15 -25 -0.0304
35 15 -25 -0.0143
40 15 -25 -0.0221
45 15 -25 -0.0284
50 15 -25 -0.0384
55 15 -25 -0.0246
60 15 -25 -0.0256
70 15 -25 -0.0263
80 15 -25 -0.0279
90 15 -25 -0.0224
-20 20 -25 -0.0092
-15 20 -25 -0.0162
-10 20 -25 -0.0116
-5 20 -25 -0.024
0 20 -25 -0.026
5 20 -25 -0.0343
10 20 -25 -0.0533
15 20 -25 -0.0632
20 20 -25 -0.064
25 20 -25 -0.0637
30 20 -25 -0.0346
35 20 -25 -0.0407
40 20 -25 -0.0444
45 20 -25 -0.038
50 20 -25 -0.0513
55 20 -25 -0.0363
60 20 -25 -0.0362
70 20 -25 -0.0437
80 20 -25 -0.0375
90 20 -25 -0.0334
-20 25 -25 -0.0024
-15 25 -25 -0.0043
-10 25 -25 -0.0036
-5 25 -25 -0.0252
0 25 -25 -0.0283
5 25 -25 -0.0353
10 25 -25 -0.0548
15 25 -25 -0.0678
20 25 -25 -0.0692
25 25 -25 -0.0724
30 25 -25 -0.0624
35 25 -25 -0.0484
40 25 -25 -0.0697
45 25 -25 -0.0589
50 25 -25 -0.0612
55 25 -25 -0.0429
60 25 -25 -0.0439
70 25 -25 -0.0539
80 25 -25 -0.0477
90 25 -25 -0.0431
-20 30 -25 -0.0103
-15 30 -25 0.0065
-10 30 -25 0.0093
-5 30 -25 -0.0208
0 30 -25 -0.0274
5 30 -25 -0.0402
10 30 -25 -0.0552
15 30 -25 -0.0742
20 30 -25 -0.0741
25 30 -25 -0.0797
30 30 -25 -0.0939
35 30 -25 -0.0659
40 30 -25 -0.0757
45 30 -25 -0.0814
50 30 -25 -0.0649
55 30 -25 -0.0559
60 30 -25 -0.0636
70 30 -25 -0.0649
80 30 -25 -0.0584
90 30 -25 -0.0572
-20 -30 0 -0.0138
-15 -30 0 -0.0116
-10 -30 0 -0.0099
-5 -30 0 0.0086
0 -30 0 0.0156
5 -30 0 0.0312
10 -30 0 0.0508
15 -30 0 0.0731
20 -30 0 0.0897
25 -30 0 0.0882
30 -30 0 0.0822
35 -30 0 0.0688
40 -30 0 0.0692
45 -30 0 0.075
50 -30 0 0.0541
55 -30 0 0.0582
60 -30 0 0.0623
70 -30 0 0.065
80 -30 0 0.0701
90 -30 0 0.0691
-20 -25 0 -0.0013
-15 -25 0 -0.0012
-10 -25 0 -0.001
-5 -25 0 0.0152
0 -25 0 0.0189
5 -25 0 0.0301
10 -25 0 0.0508
15 -25 0 0.0678
20 -25 0 0.0817
25 -25 0 0.0783
30 -25 0 0.0507
35 -25 0 0.0508
40 -25 0 0.0544
45 -25 0 0.0582
50 -25 0 0.0418
55 -25 0 0.0417
60 -25 0 0.0454
70 -25 0 0.0525
80 -25 0 0.0572
90 -25 0 0.0524
-20 -20 0 0.0106
-15 -20 0 0.0093
-10 -20 0 0.0097
-5 -20 0 0.0185
0 -20 0 0.0198
5 -20 0 0.029
10 -20 0 0.0494
15 -20 0 0.0637
20 -20 0 0.0694
25 -20 0 0.0663
30 -20 0 0.0236
35 -20 0 0.0288
40 -20 0 0.0273
45 -20 0 0.0337
50 -20 0 0.0269
55 -20 0 0.0315
60 -20 0 0.036
70 -20 0 0.0409
80 -20 0 0.0448
90 -20 0 0.04
-20 -15 0 0.0203
-15 -15 0 0.01613
-10 -15 0 0.0137
-5 -15 0 0.0193
0 -15 0 0.0206
5 -15 0 0.0266
10 -15 0 0.042
15 -15 0 0.0573
20 -15 0 0.0581
25 -15 0 0.0534
30 -15 0 0.0145
35 -15 0 -0.0007
40 -15 0 0.0058
45 -15 0 0.0254
50 -15 0 0.0245
55 -15 0 0.0256
60 -15 0 0.0274
70 -15 0 0.0294
80 -15 0 0.0343
90 -15 0 0.0283
-20 -10 0 0.0249
-15 -10 0 0.012
-10 -10 0 0.011
-5 -10 0 0.0182
0 -10 0 0.0184
5 -10 0 0.0213
10 -10 0 0.0326
15 -10 0 0.0432
20 -10 0 0.0455
25 -10 0 0.0398
30 -10 0 0.0066
35 -10 0 -0.0065
40 -10 0 0.0021
45 -10 0 0.0176
50 -10 0 0.0154
55 -10 0 0.0171
60 -10 0 0.0202
70 -10 0 0.0232
80 -10 0 0.0226
90 -10 0 0.0195
-20 -8 0 0.0188
-15 -8 0 0.01
-10 -8 0 0.0105
-5 -8 0 0.0155
0 -8 0 0.0152
5 -8 0 0.0174
10 -8 0 0.0269
15 -8 0 0.0356
20 -8 0 0.0356
25 -8 0 0.0324
30 -8 0 0.0191
35 -8 0 -0.0073
40 -8 0 0.0075
45 -8 0 0.0185
50 -8 0 0.0151
55 -8 0 0.0146
60 -8 0 0.0165
70 -8 0 0.0207
80 -8 0 0.0167
90 -8 0 0.0178
-20 -6 0 0.0121
-15 -6 0 0.0076
-10 -6 0 0.0084
-5 -6 0 0.0124
0 -6 0 0.0109
5 -6 0 0.0126
10 -6 0 0.0205
15 -6 0 0.0273
20 -6 0 0.0272
25 -6 0 0.0252
30 -6 0 0.0198
35 -6 0 0.0048
40 -6 0 0.0145
45 -6 0 0.0169
50 -6 0 0.0137
55 -6 0 0.0112
60 -6 0 0.0128
70 -6 0 0.0147
80 -6 0 0.0144
90 -6 0 0.0153
-20 -4 0 0.0105
-15 -4 0 0.0055
-10 -4 0 0.0063
-5 -4 0 0.0087
0 -4 0 0.007
5 -4 0 0.0083
10 -4 0 0.0137
15 -4 0 0.0186
20 -4 0 0.0173
25 -4 0 0.0179
30 -4 0 0.0135
35 -4 0 0.0041
40 -4 0 0.0095
45 -4 0 0.0197
50 -4 0 0.0098
55 -4 0 0.006
60 -4 0 0.0067
70 -4 0 0.0115
80 -4 0 0.0054
90 -4 0 0.01
-20 -2 0 0.0056
-15 -2 0 0.0041
-10 -2 0 0.0014
-5 -2 0 0.0042
0 -2 0 0.0032
5 -2 0 0.0037
10 -2 0 0.0054
15 -2 0 0.0089
20 -2 0 0.0078
25 -2 0 0.0079
30 -2 0 0.0073
35 -2 0 -0.0005
40 -2 0 0.0033
45 -2 0 0.0121
50 -2 0 0.0063
55 -2 0 0.004
60 -2 0 0.0036
70 -2 0 0.006
80 -2 0 0.0063
90 -2 0 0.0056
-20 0 0 0.0015
-15 0 0 0.0016
-10 0 0 0.0003
-5 0 0 -0.0001
0 0 0 -0.0001
5 0 0 -0.0006
10 0 0 -0.0002
15 0 0 -0.0001
20 0 0 0.0002
25 0 0 -0.0002
30 0 0 0.0002
35 0 0 -0.0102
40 0 0 -0.0029
45 0 0 0.0006
50 0 0 0.0007
55 0 0 -0.0005
60 0 0 -0.0027
70 0 0 -0.0013
80 0 0 0.0018
90 0 0 -0.001
-20 2 0 -0.0016
-15 2 0 -0.0013
-10 2 0 -0.0001
-5 2 0 -0.0039
0 2 0 -0.0031
5 2 0 -0.0043
10 2 0 -0.0067
15 2 0 -0.0089
20 2 0 -0.0083
25 2 0 -0.0084
30 2 0 -0.0055
35 2 0 -0.0086
40 2 0 -0.0104
45 2 0 -0.0036
50 2 0 -0.0044
55 2 0 -0.0045
60 2 0 -0.0056
70 2 0 -0.0063
80 2 0 -0.0027
90 2 0 -0.001
-20 4 0 -0.0049
-15 4 0 -0.0034
-10 4 0 -0.0045
-5 4 0 -0.0088
0 4 0 -0.0068
5 4 0 -0.0087
10 4 0 -0.0139
15 4 0 -0.0189
20 4 0 -0.0175
25 4 0 -0.0167
30 4 0 -0.0116
35 4 0 -0.0099
40 4 0 -0.0137
45 4 0 -0.0102
50 4 0 -0.0116
55 4 0 -0.0086
60 4 0 -0.0082
70 4 0 -0.0082
80 4 0 -0.0068
90 4 0 -0.0011
-20 6 0 -0.0069
-15 6 0 -0.0064
-10 6 0 -0.0068
-5 6 0 -0.0127
0 6 0 -0.0108
5 6 0 -0.0132
10 6 0 -0.0209
15 6 0 -0.0285
20 6 0 -0.0269
25 6 0 -0.026
30 6 0 -0.0163
35 6 0 -0.012
40 6 0 -0.016
45 6 0 -0.0142
50 6 0 -0.0145
55 6 0 -0.0138
60 6 0 -0.0138
70 6 0 -0.0133
80 6 0 -0.0116
90 6 0 -0.0077
-20 8 0 -0.0113
-15 8 0 -0.007
-10 8 0 -0.0088
-5 8 0 -0.0159
0 8 0 -0.0148
5 8 0 -0.0179
10 8 0 -0.0268
15 8 0 -0.037
20 8 0 -0.0363
25 8 0 -0.0332
30 8 0 -0.0203
35 8 0 -0.0119
40 8 0 -0.0174
45 8 0 -0.015
50 8 0 -0.0205
55 8 0 -0.0192
60 8 0 -0.019
70 8 0 -0.0178
80 8 0 -0.0141
90 8 0 -0.0134
-20 10 0 -0.0156
-15 10 0 -0.01
-10 10 0 -0.0099
-5 10 0 -0.0187
0 10 0 -0.0183
5 10 0 -0.0215
10 10 0 -0.0324
15 10 0 -0.0431
20 10 0 -0.0438
25 10 0 -0.0405
30 10 0 -0.0246
35 10 0 -0.0091
40 10 0 -0.0177
45 10 0 -0.02
50 10 0 -0.0215
55 10 0 -0.0206
60 10 0 -0.0215
70 10 0 -0.0233
80 10 0 -0.0168
90 10 0 -0.0164
-20 15 0 -0.0105
-15 15 0 -0.0144
-10 15 0 -0.0132
-5 15 0 -0.02
0 15 0 -0.0205
5 15 0 -0.0269
10 15 0 -0.042
15 15 0 -0.0568
20 15 0 -0.0567
25 15 0 -0.054
30 15 0 -0.0325
35 15 0 -0.0136
40 15 0 -0.0214
45 15 0 -0.0279
50 15 0 -0.0306
55 15 0 -0.0291
60 15 0 -0.0287
70 15 0 -0.0295
80 15 0 -0.0285
90 15 0 -0.0252
-20 20 0 -0.0007
-15 20 0 -0.0074
-10 20 0 -0.0091
-5 20 0 -0.019
0 20 0 -0.0197
5 20 0 -0.0294
10 20 0 -0.0488
15 20 0 -0.0625
20 20 0 -0.068
25 20 0 -0.0671
30 20 0 -0.0416
35 20 0 -0.0428
40 20 0 -0.0428
45 20 0 -0.0358
50 20 0 -0.033
55 20 0 -0.0351
60 20 0 -0.0373
70 20 0 -0.041
80 20 0 -0.039
90 20 0 -0.0369
-20 25 0 0.0112
-15 25 0 0.0031
-10 25 0 0.0016
-5 25 0 -0.0158
0 25 0 -0.0188
5 25 0 -0.0305
10 25 0 -0.0503
15 25 0 -0.0664
20 25 0 -0.0802
25 25 0 -0.079
30 25 0 -0.0685
35 25 0 -0.0649
40 25 0 -0.07
45 25 0 -0.0602
50 25 0 -0.0479
55 25 0 -0.0453
60 25 0 -0.0467
70 25 0 -0.0526
80 25 0 -0.0514
90 25 0 -0.0493
-20 30 0 0.024
-15 30 0 0.0135
-10 30 0 0.0111
-5 30 0 -0.0096
0 30 0 -0.0155
5 30 0 -0.0316
10 30 0 -0.0503
15 30 0 -0.0715
20 30 0 -0.0882
25 30 0 -0.0884
30 30 0 -0.1001
35 30 0 -0.0828
40 30 0 -0.0844
45 30 0 -0.0772
50 30 0 -0.0602
55 30 0 -0.0618
60 30 0 -0.0636
70 30 0 -0.0651
80 30 0 -0.0643
90 30 0 -0.066
-20 -30 25 -0.0114
-15 -30 25 -0.0051
-10 -30 25 0.0008
-5 -30 25 0.0172
0 -30 25 0.0272
5 -30 25 0.0434
10 -30 25 0.0628
15 -30 25 0.0778
20 -30 25 0.0853
25 -30 25 0.091
30 -30 25 0.0802
35 -30 25 0.0682
40 -30 25 0.0634
45 -30 25 0.0767
50 -30 25 0.0611
55 -30 25 0.0555
60 -30 25 0.0578
70 -30 25 0.0658
80 -30 25 0.0666
90 -30 25 0.0603
-20 -25 25 0.0015
-15 -25 25 0.0043
-10 -25 25 0.0082
-5 -25 25 0.0197
0 -25 25 0.0266
5 -25 25 0.0383
10 -25 25 0.0602
15 -25 25 0.0698
20 -25 25 0.0817
25 -25 25 0.0778
30 -25 25 0.0463
35 -25 25 0.0494
40 -25 25 0.0544
45 -25 25 0.0614
50 -25 25 0.0511
55 -25 25 0.0415
60 -25 25 0.0395
70 -25 25 0.0506
80 -25 25 0.0534
90 -25 25 0.0482
-20 -20 25 0.013
-15 -20 25 0.015
-10 -20 25 0.0139
-5 -20 25 0.0187
0 -20 25 0.025
5 -20 25 0.0362
10 -20 25 0.0557
15 -20 25 0.0625
20 -20 25 0.0717
25 -20 25 0.0653
30 -20 25 0.0205
35 -20 25 0.0279
40 -20 25 0.0258
45 -20 25 0.04
50 -20 25 0.0385
55 -20 25 0.0337
60 -20 25 0.0288
70 -20 25 0.0362
80 -20 25 0.0408
90 -20 25 0.0403
-20 -15 25 0.0251
-15 -15 25 0.0219
-10 -15 25 0.0159
-5 -15 25 0.0205
0 -15 25 0.022
5 -15 25 0.0292
10 -15 25 0.046
15 -15 25 0.0546
20 -15 25 0.0581
25 -15 25 0.0542
30 -15 25 0.0052
35 -15 25 0.0002
40 -15 25 0.0011
45 -15 25 0.0315
50 -15 25 0.0318
55 -15 25 0.0228
60 -15 25 0.023
70 -15 25 0.0228
80 -15 25 0.0315
90 -15 25 0.0301
-20 -10 25 0.0272
-15 -10 25 0.0167
-10 -10 25 0.0147
-5 -10 25 0.0182
0 -10 25 0.0193
5 -10 25 0.0227
10 -10 25 0.0337
15 -10 25 0.0437
20 -10 25 0.045
25 -10 25 0.0324
30 -10 25 -0.0035
35 -10 25 -0.0099
40 -10 25 -0.0041
45 -10 25 0.0176
50 -10 25 0.0184
55 -10 25 0.0095
60 -10 25 0.0186
70 -10 25 0.0189
80 -10 25 0.0207
90 -10 25 0.0207
-20 -8 25 0.0169
-15 -8 25 0.0115
-10 -8 25 0.0116
-5 -8 25 0.0143
0 -8 25 0.0152
5 -8 25 0.0187
10 -8 25 0.0272
15 -8 25 0.0374
20 -8 25 0.0355
25 -8 25 0.0232
30 -8 25 0.0123
35 -8 25 -0.0146
40 -8 25 -0.0008
45 -8 25 0.0152
50 -8 25 0.0169
55 -8 25 0.0124
60 -8 25 0.0132
70 -8 25 0.0179
80 -8 25 0.0166
90 -8 25 0.0176
-20 -6 25 0.0136
-15 -6 25 0.0076
-10 -6 25 0.0096
-5 -6 25 0.0112
0 -6 25 0.011
5 -6 25 0.0145
10 -6 25 0.0214
15 -6 25 0.0305
20 -6 25 0.0266
25 -6 25 0.0192
30 -6 25 0.012
35 -6 25 -0.0071
40 -6 25 0.0067
45 -6 25 0.013
50 -6 25 0.0143
55 -6 25 0.0145
60 -6 25 0.0128
70 -6 25 0.0134
80 -6 25 0.0162
90 -6 25 0.0161
-20 -4 25 0.0074
-15 -4 25 0.007
-10 -4 25 0.0042
-5 -4 25 0.0082
0 -4 25 0.0063
5 -4 25 0.0106
10 -4 25 0.0152
15 -4 25 0.0215
20 -4 25 0.0195
25 -4 25 0.0154
30 -4 25 0.0072
35 -4 25 0.0016
40 -4 25 0.0014
45 -4 25 0.0154
50 -4 25 0.0095
55 -4 25 0.0125
60 -4 25 0.0069
70 -4 25 0.0116
80 -4 25 0.0078
90 -4 25 0.0112
-20 -2 25 0.0055
-15 -2 25 0.0037
-10 -2 25 0.0016
-5 -2 25 0.004
0 -2 25 0.0031
5 -2 25 0.0072
10 -2 25 0.008
15 -2 25 0.0114
20 -2 25 0.0102
25 -2 25 0.0079
30 -2 25 0.0042
35 -2 25 -0.0053
40 -2 25 0.0016
45 -2 25 0.0104
50 -2 25 0.0054
55 -2 25 0.0114
60 -2 25 0.0038
70 -2 25 0.0068
80 -2 25 0.008
90 -2 25 0.0066
-20 0 25 0.0024
-15 0 25 0.001
-10 0 25 0.0008
-5 0 25 0.0001
0 0 25 0.0005
5 0 25 0.0007
10 0 25 0.0006
15 0 25 0.0002
20 0 25 0.0023
25 0 25 0.0018
30 0 25 0.0011
35 0 25 -0.0069
40 0 25 -0.0039
45 0 25 -0.0011
50 0 25 -0.0008
55 0 25 0.0079
60 0 25 -0.0033
70 0 25 0.0004
80 0 25 0.0028
90 0 25 -0.0004
-20 2 25 -0.0009
-15 2 25 -0.0014
-10 2 25 0.0002
-5 2 25 -0.0034
0 2 25 -0.0024
5 2 25 -0.0054
10 2 25 -0.0061
15 2 25 -0.0108
20 2 25 -0.0079
25 2 25 -0.0059
30 2 25 -0.0027
35 2 25 -0.0073
40 2 25 -0.0093
45 2 25 -0.0032
50 2 25 -0.0055
55 2 25 0.0001
60 2 25 -0.0075
70 2 25 -0.006
80 2 25 0
90 2 25 -0.0012
-20 4 25 -0.0057
-15 4 25 -0.0039
-10 4 25 -0.0043
-5 4 25 -0.007
0 4 25 -0.006
5 4 25 -0.0104
10 4 25 -0.0152
15 4 25 -0.0217
20 4 25 -0.0179
25 4 25 -0.0124
30 4 25 -0.0061
35 4 25 -0.0075
40 4 25 -0.0116
45 4 25 -0.009
50 4 25 -0.0123
55 4 25 -0.0078
60 4 25 -0.0114
70 4 25 -0.0093
80 4 25 -0.0024
90 4 25 -0.0021
-20 6 25 -0.0053
-15 6 25 -0.0065
-10 6 25 -0.0068
-5 6 25 -0.0108
0 6 25 -0.0103
5 6 25 -0.0136
10 6 25 -0.0215
15 6 25 -0.0301
20 6 25 -0.0192
25 6 25 -0.0184
30 6 25 -0.0096
35 6 25 -0.0064
40 6 25 -0.0138
45 6 25 -0.0116
50 6 25 -0.0159
55 6 25 -0.0136
60 6 25 -0.0175
70 6 25 -0.0142
80 6 25 -0.0073
90 6 25 -0.0202
-20 8 25 -0.0136
-15 8 25 -0.008
-10 8 25 -0.0088
-5 8 25 -0.014
0 8 25 -0.0147
5 8 25 -0.0179
10 8 25 -0.0265
15 8 25 -0.0377
20 8 25 -0.0271
25 8 25 -0.0203
30 8 25 -0.0117
35 8 25 -0.004
40 8 25 -0.0097
45 8 25 -0.0145
50 8 25 -0.0238
55 8 25 -0.0165
60 8 25 -0.0223
70 8 25 -0.0177
80 8 25 -0.0119
90 8 25 -0.0134
-20 10 25 -0.0162
-15 10 25 -0.0124
-10 10 25 -0.0122
-5 10 25 -0.0174
0 10 25 -0.0183
5 10 25 -0.0221
10 10 25 -0.0326
15 10 25 -0.0452
20 10 25 -0.0371
25 10 25 -0.0259
30 10 25 -0.0145
35 10 25 0.0017
40 10 25 -0.0107
45 10 25 -0.016
50 10 25 -0.0266
55 10 25 -0.0153
60 10 25 -0.0244
70 10 25 -0.0205
80 10 25 -0.0166
90 10 25 -0.0154
-20 15 25 -0.0143
-15 15 25 -0.0183
-10 15 25 -0.0132
-5 15 25 -0.0202
0 15 25 -0.021
5 15 25 -0.0286
10 15 25 -0.0435
15 15 25 -0.0558
20 15 25 -0.0497
25 15 25 -0.0475
30 15 25 -0.023
35 15 25 -0.0082
40 15 25 -0.0159
45 15 25 -0.0299
50 15 25 -0.04
55 15 25 -0.0286
60 15 25 -0.0288
70 15 25 -0.0286
80 15 25 -0.0274
90 15 25 -0.0248
-20 20 25 -0.002
-15 20 25 -0.0113
-10 20 25 -0.0115
-5 20 25 -0.0183
0 20 25 -0.0242
5 20 25 -0.0351
10 20 25 -0.0528
15 20 25 -0.0635
20 20 25 -0.063
25 20 25 -0.0587
30 20 25 -0.038
35 20 25 -0.036
40 20 25 -0.0406
45 20 25 -0.0386
50 20 25 -0.0467
55 20 25 -0.0395
60 20 25 -0.0346
70 20 25 -0.042
80 20 25 -0.0367
90 20 25 -0.035
-20 25 25 0.0098
-15 25 25 -0.0007
-10 25 25 -0.0057
-5 25 25 -0.0193
0 25 25 -0.0258
5 25 25 -0.0371
10 25 25 -0.0567
15 25 25 -0.0706
20 25 25 -0.073
25 25 25 -0.0714
30 25 25 -0.0638
35 25 25 -0.0572
40 25 25 -0.0693
45 25 25 -0.0599
50 25 25 -0.0593
55 25 25 -0.0473
60 25 25 -0.0453
70 25 25 -0.0564
80 25 25 -0.0493
90 25 25 -0.0429
-20 30 25 -0.0232
-15 30 25 0.0091
-10 30 25 0.0016
-5 30 25 -0.0173
0 30 25 -0.0264
5 30 25 -0.0418
10 30 25 -0.0591
15 30 25 -0.0781
20 30 25 -0.0761
25 30 25 -0.0846
30 30 25 -0.0978
35 30 25 -0.076
40 30 25 -0.078
45 30 25 -0.0749
50 30 25 -0.0693
55 30 25 -0.0613
60 30 25 -0.0636
70 30 25 -0.0716
80 30 25 -0.0625
90 30 25 -0.055
