alpha beta Cl_a20
-20 -30 -0.0499
-15 -30 -0.0476
-10 -30 -0.0452
-5 -30 -0.0344
0 -30 -0.0404
5 -30 -0.0251
10 -30 -0.0031
15 -30 0.0158
20 -30 0.0074
25 -30 0.0296
30 -30 0.0404
35 -30 0.0309
40 -30 0.0419
45 -30 0.0579
50 -30 0.0415
55 -30 0.0467
60 -30 0.049
70 -30 0.0405
80 -30 0.0616
90 -30 0.0706
-20 -25 -0.0325
-15 -25 -0.0346
-10 -25 -0.0339
-5 -25 -0.0303
0 -25 -0.0372
5 -25 -0.0256
10 -25 -0.0026
15 -25 0.0145
20 -25 0.0045
25 -25 0.0258
30 -25 0.0081
35 -25 0.0126
40 -25 0.0253
45 -25 0.0418
50 -25 0.0304
55 -25 0.0291
60 -25 0.0323
70 -25 0.0396
80 -25 0.0483
90 -25 0.0522
-20 -20 -0.0184
-15 -20 -0.0215
-10 -20 -0.0272
-5 -20 -0.0258
0 -20 -0.0327
5 -20 -0.0241
10 -20 -0.0027
15 -20 0.0121
20 -20 0.0038
25 -20 0.0237
30 -20 -0.0149
35 -20 0.002
40 -20 0.0041
45 -20 0.0181
50 -20 0.021
55 -20 0.0239
60 -20 0.0267
70 -20 0.0286
80 -20 0.0387
90 -20 0.04
-20 -15 -0.0113
-15 -15 -0.0132
-10 -15 -0.0245
-5 -15 -0.023
0 -15 -0.0302
5 -15 -0.0252
10 -15 -0.0091
15 -15 0.0063
20 -15 0.0063
25 -15 0.0157
30 -15 -0.0074
35 -15 -0.0246
40 -15 -0.0183
45 -15 0.011
50 -15 0.0194
55 -15 0.018
60 -15 0.0182
70 -15 0.0184
80 -15 0.0293
90 -15 0.0317
-20 -10 -0.0023
-15 -10 -0.018
-10 -10 -0.025
-5 -10 -0.0242
0 -10 -0.0323
5 -10 -0.0297
10 -10 -0.0185
15 -10 -0.0068
20 -10 0.0026
25 -10 0.0046
30 -10 -0.0196
35 -10 -0.0223
40 -10 -0.0154
45 -10 0.0035
50 -10 0.0072
55 -10 0.0083
60 -10 0.0089
70 -10 0.007
80 -10 0.0161
90 -10 0.0182
-20 -8 -0.0059
-15 -8 -0.0211
-10 -8 -0.0259
-5 -8 -0.027
0 -8 -0.0342
5 -8 -0.0334
10 -8 -0.0235
15 -8 -0.0135
20 -8 -0.0053
25 -8 -0.0025
30 -8 -0.0105
35 -8 -0.0246
40 -8 -0.0061
45 -8 0.0019
50 -8 0.0061
55 -8 0.0054
60 -8 0.0046
70 -8 0.007
80 -8 0.0127
90 -8 0.0143
-20 -6 -0.0125
-15 -6 -0.0246
-10 -6 -0.0267
-5 -6 -0.0301
0 -6 -0.0373
5 -6 -0.0378
10 -6 -0.0301
15 -6 -0.0214
20 -6 -0.0137
25 -6 -0.0105
30 -6 -0.0122
35 -6 -0.0172
40 -6 -0.0014
45 -6 0
50 -6 0.0046
55 -6 0.0013
60 -6 -0.0005
70 -6 -0.0035
80 -6 0.0091
90 -6 0.0105
-20 -4 -0.0116
-15 -4 -0.0248
-10 -4 -0.0292
-5 -4 -0.0334
0 -4 -0.0414
5 -4 -0.0425
10 -4 -0.0366
15 -4 -0.0313
20 -4 -0.0228
25 -4 -0.0202
30 -4 -0.0193
35 -4 -0.0215
40 -4 -0.0057
45 -4 -0.001
50 -4 0.0007
55 -4 -0.0026
60 -4 -0.0043
70 -4 -0.006
80 -4 0.0048
90 -4 0.0076
-20 -2 -0.017
-15 -2 -0.0284
-10 -2 -0.0337
-5 -2 -0.0368
0 -2 -0.0451
5 -2 -0.0472
10 -2 -0.0437
15 -2 -0.0401
20 -2 -0.0322
25 -2 -0.0287
30 -2 -0.0244
35 -2 -0.0275
40 -2 -0.0117
45 -2 -0.0018
50 -2 -0.0017
55 -2 -0.0048
60 -2 -0.007
70 -2 -0.0067
80 -2 0.0027
90 -2 0.0037
-20 0 -0.0211
-15 0 -0.0311
-10 0 -0.0325
-5 0 -0.0402
0 0 -0.0482
5 0 -0.0517
10 0 -0.0501
15 0 -0.0492
20 0 -0.0416
25 0 -0.0374
30 0 -0.0306
35 0 -0.0358
40 0 -0.0195
45 0 -0.0116
50 0 -0.0069
55 0 -0.01
60 0 -0.0119
70 0 -0.0088
80 0 -0.0023
90 0 0.0012
-20 2 -0.0242
-15 2 -0.032
-10 2 -0.0327
-5 2 -0.044
0 2 -0.051
5 2 -0.0554
10 2 -0.0557
15 2 -0.0576
20 2 -0.0515
25 2 -0.0454
30 2 -0.0362
35 2 -0.0354
40 2 -0.0276
45 2 -0.017
50 2 -0.0129
55 2 -0.0143
60 2 -0.0155
70 2 -0.0146
80 2 -0.0069
90 2 -0.0035
-20 4 -0.0271
-15 4 -0.0341
-10 4 -0.0349
-5 4 -0.048
0 4 -0.0536
5 4 -0.0586
10 4 -0.0608
15 4 -0.0656
20 4 -0.0606
25 4 -0.0536
30 4 -0.0429
35 4 -0.0373
40 4 -0.031
45 4 -0.0198
50 4 -0.0218
55 4 -0.0204
60 4 -0.0193
70 4 -0.0156
80 4 -0.0136
90 4 -0.0062
-20 6 -0.0331
-15 6 -0.0366
-10 6 -0.0371
-5 6 -0.0511
0 6 -0.057
5 6 -0.0618
10 6 -0.0665
15 6 -0.0729
20 6 -0.0689
25 6 -0.0617
30 6 -0.0456
35 6 -0.0361
40 6 -0.0347
45 6 -0.0243
50 6 -0.0249
55 6 -0.0237
60 6 -0.0235
70 6 -0.0207
80 6 -0.014
90 6 -0.01
-20 8 -0.0352
-15 8 -0.0349
-10 8 -0.0401
-5 8 -0.0541
0 8 -0.0595
5 8 -0.0653
10 8 -0.0717
15 8 -0.078
20 8 -0.0784
25 8 -0.0686
30 8 -0.0493
35 8 -0.0343
40 8 -0.0346
45 8 -0.0236
50 8 -0.0302
55 8 -0.0283
60 8 -0.0277
70 8 -0.025
80 8 -0.0185
90 8 -0.0133
-20 10 -0.0392
-15 10 -0.0386
-10 10 -0.0433
-5 10 -0.0555
0 10 -0.0624
5 10 -0.0685
10 10 -0.0771
15 10 -0.0855
20 10 -0.0863
25 10 -0.0763
30 10 -0.0501
35 10 -0.0324
40 10 -0.0339
45 10 -0.0311
50 10 -0.0297
55 10 -0.0296
60 10 -0.0296
70 10 -0.027
80 10 -0.0225
90 10 -0.017
-20 15 -0.0302
-15 15 -0.0434
-10 15 -0.0438
-5 15 -0.0567
0 15 -0.0645
5 15 -0.073
10 15 -0.0865
15 15 -0.0986
20 15 -0.09
25 15 -0.0874
30 15 -0.0623
35 15 -0.0301
40 15 -0.031
45 15 -0.0386
50 15 -0.0419
55 15 -0.0393
60 15 -0.0389
70 15 -0.0384
80 15 -0.0357
90 15 -0.0305
-20 20 -0.0231
-15 20 -0.0351
-10 20 -0.0411
-5 20 -0.0539
0 20 -0.062
5 20 -0.0741
10 20 -0.0929
15 20 -0.1044
20 20 -0.0875
25 20 -0.0954
30 20 -0.0548
35 20 -0.0567
40 20 -0.0534
45 20 -0.0457
50 20 -0.0435
55 20 -0.0452
60 20 -0.0474
70 20 -0.0486
80 20 -0.0451
90 20 -0.0388
-20 25 -0.009
-15 25 -0.022
-10 25 -0.0344
-5 25 -0.0494
0 25 -0.0575
5 25 -0.0726
10 25 -0.093
15 25 -0.1068
20 25 -0.0882
25 25 -0.0975
30 25 -0.0778
35 25 -0.0673
40 25 -0.0746
45 25 -0.0694
50 25 -0.0529
55 25 -0.0504
60 25 -0.053
70 25 -0.0596
80 25 -0.0547
90 25 -0.051
-20 30 0.0084
-15 30 -0.009
-10 30 -0.0231
-5 30 -0.0453
0 30 -0.0543
5 30 -0.0731
10 30 -0.0925
15 30 -0.1081
20 30 -0.0911
25 30 -0.1013
30 30 -0.1101
35 30 -0.0856
40 30 -0.0912
45 30 -0.0855
50 30 -0.064
55 30 -0.068
60 30 -0.0697
70 30 -0.0685
80 30 -0.068
90 30 -0.0694
