alpha beta Cl_a20_lef
-20 -30 -0.0522
-15 -30 -0.0462
-10 -30 -0.0487
-5 -30 -0.0419
0 -30 -0.0295
5 -30 -0.0165
10 -30 0.0048
15 -30 -0.0069
20 -30 0.0156
25 -30 0.0308
30 -30 0.038
35 -30 0.0232
40 -30 0.0436
45 -30 0.0499
-20 -25 -0.0388
-15 -25 -0.045
-10 -25 -0.0476
-5 -25 -0.0447
0 -25 -0.0292
5 -25 -0.0188
10 -25 0.0017
15 -25 -0.0068
20 -25 0.0048
25 -25 0.0244
30 -25 0.0302
35 -25 0.0189
40 -25 0.0345
45 -25 0.045
-20 -20 -0.0295
-15 -20 -0.044
-10 -20 -0.0407
-5 -20 -0.0428
0 -20 -0.0307
5 -20 -0.0174
10 -20 -0.0026
15 -20 -0.0063
20 -20 0.0053
25 -20 0.0078
30 -20 0.0149
35 -20 0.0168
40 -20 0.0217
45 -20 0.035
-20 -15 -0.019
-15 -15 -0.0419
-10 -15 -0.0409
-5 -15 -0.0407
0 -15 -0.0313
5 -15 -0.0204
10 -15 -0.0198
15 -15 -0.0089
20 -15 0.0037
25 -15 -0.0102
30 -15 0.0016
35 -15 -0.0049
40 -15 0.0087
45 -15 0.0263
-20 -10 -0.0133
-15 -10 -0.0373
-10 -10 -0.0382
-5 -10 -0.0446
0 -10 -0.0354
5 -10 -0.0271
10 -10 -0.0179
15 -10 -0.0156
20 -10 -0.0065
25 -10 -0.0021
30 -10 -0.008
35 -10 -0.0121
40 -10 0.0033
45 -10 0.0128
-20 -8 -0.0214
-15 -8 -0.0351
-10 -8 -0.0361
-5 -8 -0.0458
0 -8 -0.0387
5 -8 -0.0316
10 -8 -0.0221
15 -8 -0.0195
20 -8 -0.0075
25 -8 -0.0006
30 -8 -0.0039
35 -8 -0.0153
40 -8 0.0121
45 -8 0.0097
-20 -6 -0.023
-15 -6 -0.0328
-10 -6 -0.0375
-5 -6 -0.0469
0 -6 -0.041
5 -6 -0.0364
10 -6 -0.0277
15 -6 -0.0265
20 -6 -0.01
25 -6 -0.0086
30 -6 -0.0111
35 -6 -0.0107
40 -6 0.0088
45 -6 0.0089
-20 -4 -0.0214
-15 -4 -0.0283
-10 -4 -0.038
-5 -4 -0.0493
0 -4 -0.045
5 -4 -0.0414
10 -4 -0.0329
15 -4 -0.0321
20 -4 -0.0148
25 -4 -0.0144
30 -4 -0.0148
35 -4 -0.0166
40 -4 0.009
45 -4 0.0058
-20 -2 -0.0213
-15 -2 -0.0284
-10 -2 -0.0391
-5 -2 -0.0508
0 -2 -0.0486
5 -2 -0.0474
10 -2 -0.0389
15 -2 -0.0378
20 -2 -0.019
25 -2 -0.0196
30 -2 -0.0212
35 -2 -0.0238
40 -2 0.0071
45 -2 0.0002
-20 0 -0.0219
-15 0 -0.0307
-10 0 -0.0399
-5 0 -0.0524
0 0 -0.0512
5 0 -0.0527
10 0 -0.0432
15 0 -0.0447
20 0 -0.0229
25 0 -0.0261
30 0 -0.0238
35 0 -0.0263
40 0 -0.008
45 0 -0.0059
-20 2 -0.0217
-15 2 -0.0324
-10 2 -0.0403
-5 2 -0.0533
0 2 -0.0541
5 2 -0.0574
10 2 -0.0479
15 2 -0.0489
20 2 -0.0282
25 2 -0.0306
30 2 -0.0333
35 2 -0.0301
40 2 -0.0097
45 2 -0.0096
-20 4 -0.0242
-15 4 -0.0328
-10 4 -0.0406
-5 4 -0.0537
0 4 -0.0568
5 4 -0.0618
10 4 -0.0529
15 4 -0.0526
20 4 -0.0345
25 4 -0.0369
30 4 -0.0372
35 4 -0.0318
40 4 -0.021
45 4 -0.0168
-20 6 -0.0274
-15 6 -0.0339
-10 6 -0.0412
-5 6 -0.055
0 6 -0.0599
5 6 -0.0661
10 6 -0.0576
15 6 -0.0584
20 6 -0.0369
25 6 -0.0417
30 6 -0.0376
35 6 -0.0357
40 6 -0.0288
45 6 -0.0172
-20 8 -0.0289
-15 8 -0.0348
-10 8 -0.0439
-5 8 -0.0566
0 8 -0.0623
5 8 -0.0705
10 8 -0.0625
15 8 -0.0643
20 8 -0.0405
25 8 -0.0441
30 8 -0.0354
35 8 -0.0356
40 8 -0.0347
45 8 -0.0232
-20 10 -0.0304
-15 10 -0.0357
-10 10 -0.0446
-5 10 -0.0578
0 10 -0.0651
5 10 -0.075
10 10 -0.0674
15 10 -0.0699
20 10 -0.0415
25 10 -0.0464
30 10 -0.0357
35 10 -0.0354
40 10 -0.0351
45 10 -0.0233
-20 15 -0.0245
-15 15 -0.0313
-10 15 -0.0427
-5 15 -0.0614
0 15 -0.0696
5 15 -0.0819
10 15 -0.0759
15 15 -0.0761
20 15 -0.0516
25 15 -0.0386
30 15 -0.0458
35 15 -0.0429
40 15 -0.0405
45 15 -0.0378
-20 20 -0.0137
-15 20 -0.0284
-10 20 -0.0425
-5 20 -0.0591
0 20 -0.0699
5 20 -0.084
10 20 -0.083
15 20 -0.0795
20 20 -0.0527
25 20 -0.0485
30 20 -0.0589
35 20 -0.0644
40 20 -0.0534
45 20 -0.046
-20 25 -0.0038
-15 25 -0.0272
-10 25 -0.0347
-5 25 -0.0579
0 25 -0.0707
5 25 -0.0841
10 25 -0.0872
15 25 -0.0787
20 25 -0.0521
25 25 -0.0657
30 25 -0.0742
35 25 -0.0665
40 25 -0.0665
45 25 -0.056
-20 30 0.0101
-15 30 -0.0253
-10 30 -0.0336
-5 30 -0.0603
0 30 -0.0704
5 30 -0.0858
10 30 -0.0901
15 30 -0.0783
20 30 -0.0634
25 30 -0.082
30 30 -0.0817
35 30 -0.0707
40 30 -0.0754
45 30 -0.0599
