alpha beta ele Cm
-20 -30 -25 0.2059
-15 -30 -25 0.1698
-10 -30 -25 0.1426
-5 -30 -25 0.162
0 -30 -25 0.153
5 -30 -25 0.147
10 -30 -25 0.15
15 -30 -25 0.167
20 -30 -25 0.151
25 -30 -25 0.12
30 -30 -25 0.108
35 -30 -25 0.082
40 -30 -25 0.113
45 -30 -25 0.093
50 -30 -25 -0.015
55 -30 -25 0.019
60 -30 -25 -0.036
70 -30 -25 -0.307
80 -30 -25 -0.365
90 -30 -25 -0.526
-20 -25 -25 0.1937
-15 -25 -25 0.165
-10 -25 -25 0.1579
-5 -25 -25 0.177
0 -25 -25 0.154
5 -25 -25 0.153
10 -25 -25 0.162
15 -25 -25 0.176
20 -25 -25 0.17
25 -25 -25 0.147
30 -25 -25 0.067
35 -25 -25 0.047
40 -25 -25 0.05
45 -25 -25 0.066
50 -25 -25 -0.011
55 -25 -25 0.017
60 -25 -25 -0.023
70 -25 -25 -0.308
80 -25 -25 -0.398
90 -25 -25 -0.527
-20 -20 -25 0.1918
-15 -20 -25 0.1733
-10 -20 -25 0.1807
-5 -20 -25 0.153
0 -20 -25 0.148
5 -20 -25 0.156
10 -20 -25 0.165
15 -20 -25 0.191
20 -20 -25 0.19
25 -20 -25 0.175
30 -20 -25 0.098
35 -20 -25 0.068
40 -20 -25 0.06
45 -20 -25 0.065
50 -20 -25 -0.025
55 -20 -25 -0.086
60 -20 -25 -0.075
70 -20 -25 -0.285
80 -20 -25 -0.403
90 -20 -25 -0.515
-20 -15 -25 0.185
-15 -15 -25 0.1723
-10 -15 -25 0.1641
-5 -15 -25 0.145
0 -15 -25 0.145
5 -15 -25 0.157
10 -15 -25 0.17
15 -15 -25 0.196
20 -15 -25 0.202
25 -15 -25 0.194
30 -15 -25 0.15
35 -15 -25 0.081
40 -15 -25 0.087
45 -15 -25 0.053
50 -15 -25 0.015
55 -15 -25 -0.004
60 -15 -25 -0.06
70 -15 -25 -0.305
80 -15 -25 -0.387
90 -15 -25 -0.504
-20 -10 -25 0.1692
-15 -10 -25 0.1533
-10 -10 -25 0.1533
-5 -10 -25 0.138
0 -10 -25 0.1445
5 -10 -25 0.1586
10 -10 -25 0.1746
15 -10 -25 0.2
20 -10 -25 0.2073
25 -10 -25 0.2043
30 -10 -25 0.1704
35 -10 -25 0.1174
40 -10 -25 0.1131
45 -10 -25 0.0734
50 -10 -25 0.0663
55 -10 -25 0.0794
60 -10 -25 -0.0627
70 -10 -25 -0.2769
80 -10 -25 -0.3411
90 -10 -25 -0.49
-20 -8 -25 0.1693
-15 -8 -25 0.1618
-10 -8 -25 0.1586
-5 -8 -25 0.1365
0 -8 -25 0.1438
5 -8 -25 0.1595
10 -8 -25 0.1758
15 -8 -25 0.2012
20 -8 -25 0.2098
25 -8 -25 0.2028
30 -8 -25 0.193
35 -8 -25 0.1233
40 -8 -25 0.1279
45 -8 -25 0.0914
50 -8 -25 0.0644
55 -8 -25 0.0494
60 -8 -25 -0.0705
70 -8 -25 -0.2648
80 -8 -25 -0.3344
90 -8 -25 -0.5157
-20 -6 -25 0.177
-15 -6 -25 0.1639
-10 -6 -25 0.1595
-5 -6 -25 0.1329
0 -6 -25 0.143
5 -6 -25 0.1585
10 -6 -25 0.1768
15 -6 -25 0.2041
20 -6 -25 0.2122
25 -6 -25 0.2028
30 -6 -25 0.1985
35 -6 -25 0.1522
40 -6 -25 0.1341
45 -6 -25 0.0968
50 -6 -25 0.0498
55 -6 -25 0.0174
60 -6 -25 -0.0556
70 -6 -25 -0.1828
80 -6 -25 -0.3425
90 -6 -25 -0.4801
-20 -4 -25 0.1746
-15 -4 -25 0.1607
-10 -4 -25 0.1629
-5 -4 -25 0.1269
0 -4 -25 0.1411
5 -4 -25 0.1577
10 -4 -25 0.1778
15 -4 -25 0.2062
20 -4 -25 0.2129
25 -4 -25 0.1991
30 -4 -25 0.2009
35 -4 -25 0.1713
40 -4 -25 0.1433
45 -4 -25 0.0848
50 -4 -25 0.0407
55 -4 -25 0.053
60 -4 -25 -0.0534
70 -4 -25 -0.2115
80 -4 -25 -0.3455
90 -4 -25 -0.497
-20 -2 -25 0.1742
-15 -2 -25 0.1597
-10 -2 -25 0.1615
-5 -2 -25 0.1242
0 -2 -25 0.1412
5 -2 -25 0.158
10 -2 -25 0.1833
15 -2 -25 0.2069
20 -2 -25 0.2137
25 -2 -25 0.1981
30 -2 -25 0.2022
35 -2 -25 0.1789
40 -2 -25 0.1483
45 -2 -25 0.0935
50 -2 -25 0.0521
55 -2 -25 0.0292
60 -2 -25 -0.0549
70 -2 -25 -0.2032
80 -2 -25 -0.3254
90 -2 -25 -0.4831
-20 0 -25 0.175
-15 0 -25 0.1584
-10 0 -25 0.159
-5 0 -25 0.1216
0 0 -25 0.1409
5 0 -25 0.158
10 0 -25 0.1845
15 0 -25 0.2087
20 0 -25 0.2152
25 0 -25 0.1978
30 0 -25 0.2022
35 0 -25 0.1814
40 0 -25 0.1478
45 0 -25 0.0922
50 0 -25 0.0745
55 0 -25 0.0713
60 0 -25 -0.054
70 0 -25 -0.2244
80 0 -25 -0.3389
90 0 -25 -0.4723
-20 2 -25 0.1721
-15 2 -25 0.1589
-10 2 -25 0.1566
-5 2 -25 0.1183
0 2 -25 0.141
5 2 -25 0.1591
10 2 -25 0.184
15 2 -25 0.207
20 2 -25 0.2133
25 2 -25 0.1969
30 2 -25 0.2021
35 2 -25 0.1815
40 2 -25 0.1291
45 2 -25 0.094
50 2 -25 0.067
55 2 -25 0.0404
60 2 -25 -0.0618
70 2 -25 -0.2264
80 2 -25 -0.3522
90 2 -25 -0.483
-20 4 -25 0.1758
-15 4 -25 0.1615
-10 4 -25 0.1534
-5 4 -25 0.1212
0 4 -25 0.1409
5 4 -25 0.1584
10 4 -25 0.1824
15 4 -25 0.2066
20 4 -25 0.2118
25 4 -25 0.1957
30 4 -25 0.2007
35 4 -25 0.1799
40 4 -25 0.1312
45 4 -25 0.0838
50 4 -25 0.0453
55 4 -25 0.0007
60 4 -25 -0.0674
70 4 -25 -0.2195
80 4 -25 -0.3187
90 4 -25 -0.4818
-20 6 -25 0.1801
-15 6 -25 0.1573
-10 6 -25 0.1523
-5 6 -25 0.1236
0 6 -25 0.1403
5 6 -25 0.1576
10 6 -25 0.1811
15 6 -25 0.2055
20 6 -25 0.2109
25 6 -25 0.1958
30 6 -25 0.1972
35 6 -25 0.179
40 6 -25 0.1245
45 6 -25 0.061
50 6 -25 0.0373
55 6 -25 -0.0024
60 6 -25 -0.0828
70 6 -25 -0.2054
80 6 -25 -0.3262
90 6 -25 -0.4911
-20 8 -25 0.1826
-15 8 -25 0.1534
-10 8 -25 0.1489
-5 8 -25 0.1267
0 8 -25 0.1409
5 8 -25 0.1572
10 8 -25 0.1797
15 8 -25 0.2022
20 8 -25 0.2082
25 8 -25 0.1948
30 8 -25 0.1947
35 8 -25 0.1703
40 8 -25 0.1025
45 8 -25 0.0491
50 8 -25 0.032
55 8 -25 0.0165
60 8 -25 -0.0849
70 8 -25 -0.2203
80 8 -25 -0.3283
90 8 -25 -0.5074
-20 10 -25 0.1912
-15 10 -25 0.1464
-10 10 -25 0.1493
-5 10 -25 0.1303
0 10 -25 0.1414
5 10 -25 0.1573
10 10 -25 0.1784
15 10 -25 0.2
20 10 -25 0.2061
25 10 -25 0.1953
30 10 -25 0.1901
35 10 -25 0.1459
40 10 -25 0.1028
45 10 -25 0.042
50 10 -25 0.0397
55 10 -25 0.0281
60 10 -25 -0.1004
70 10 -25 -0.2191
80 10 -25 -0.3285
90 10 -25 -0.4863
-20 15 -25 0.207
-15 15 -25 0.165
-10 15 -25 0.158
-5 15 -25 0.1373
0 15 -25 0.1448
5 15 -25 0.1568
10 15 -25 0.175
15 15 -25 0.1958
20 15 -25 0.1991
25 15 -25 0.1877
30 15 -25 0.1696
35 15 -25 0.1124
40 15 -25 0.0745
45 15 -25 0.0208
50 15 -25 -0.0114
55 15 -25 -0.0562
60 15 -25 -0.0976
70 15 -25 -0.2479
80 15 -25 -0.3763
90 15 -25 -0.5001
-20 20 -25 0.214
-15 20 -25 0.167
-10 20 -25 0.175
-5 20 -25 0.1444
0 20 -25 0.1453
5 20 -25 0.1557
10 20 -25 0.1701
15 20 -25 0.1901
20 20 -25 0.1878
25 20 -25 0.1687
30 20 -25 0.1186
35 20 -25 0.0962
40 20 -25 0.0495
45 20 -25 0.0343
50 20 -25 -0.0514
55 20 -25 -0.1373
60 20 -25 -0.1117
70 20 -25 -0.2276
80 20 -25 -0.3923
90 20 -25 -0.5124
-20 25 -25 0.216
-15 25 -25 0.158
-10 25 -25 0.153
-5 25 -25 0.1679
0 25 -25 0.1523
5 25 -25 0.154
10 25 -25 0.1663
15 25 -25 0.1755
20 25 -25 0.1618
25 25 -25 0.1406
30 25 -25 0.0889
35 25 -25 0.0757
40 25 -25 0.0406
45 25 -25 0.0338
50 25 -25 -0.0371
55 25 -25 -0.0343
60 25 -25 -0.0599
70 25 -25 -0.2518
80 25 -25 -0.3857
90 25 -25 -0.5227
-20 30 -25 0.227
-15 30 -25 0.163
-10 30 -25 0.138
-5 30 -25 0.1538
0 30 -25 0.1513
5 30 -25 0.1472
10 30 -25 0.1547
15 30 -25 0.1668
20 30 -25 0.1479
25 30 -25 0.113
30 30 -25 0.127
35 30 -25 0.1132
40 30 -25 0.1024
45 30 -25 0.06
50 30 -25 -0.0408
55 30 -25 -0.0335
60 30 -25 -0.0714
70 30 -25 -0.2503
80 30 -25 -0.3532
90 30 -25 -0.5219
-20 -30 -10 0.1469
-15 -30 -10 0.1087
-10 -30 -10 0.0784
-5 -30 -10 0.057
0 -30 -10 0.052
5 -30 -10 0.052
10 -30 -10 0.028
15 -30 -10 0.043
20 -30 -10 0.027
25 -30 -10 0.01
30 -30 -10 0.015
35 -30 -10 0.016
40 -30 -10 0.068
45 -30 -10 0.025
50 -30 -10 -0.0111
55 -30 -10 0.0002
60 -30 -10 -0.0879
70 -30 -10 -0.3429
80 -30 -10 -0.4294
90 -30 -10 -0.6208
-20 -25 -10 0.1272
-15 -25 -10 0.0956
-10 -25 -10 0.0743
-5 -25 -10 0.062
0 -25 -10 0.054
5 -25 -10 0.042
10 -25 -10 0.035
15 -25 -10 0.04
20 -25 -10 0.025
25 -25 -10 0.008
30 -25 -10 -0.035
35 -25 -10 -0.027
40 -25 -10 0.019
45 -25 -10 -0.021
50 -25 -10 0
55 -25 -10 0.0043
60 -25 -10 -0.0315
70 -25 -10 -0.3579
80 -25 -10 -0.4715
90 -25 -10 -0.6173
-20 -20 -10 0.121
-15 -20 -10 0.0947
-10 -20 -10 0.0852
-5 -20 -10 0.044
0 -20 -10 0.043
5 -20 -10 0.05
10 -20 -10 0.04
15 -20 -10 0.053
20 -20 -10 0.04
25 -20 -10 0.023
30 -20 -10 -0.017
35 -20 -10 -0.034
40 -20 -10 -0.016
45 -20 -10 -0.027
50 -20 -10 -0.007
55 -20 -10 -0.0936
60 -20 -10 -0.0384
70 -20 -10 -0.343
80 -20 -10 -0.4877
90 -20 -10 -0.6028
-20 -15 -10 0.1075
-15 -15 -10 0.0885
-10 -15 -10 0.0619
-5 -15 -10 0.032
0 -15 -10 0.039
5 -15 -10 0.053
10 -15 -10 0.04
15 -15 -10 0.06
20 -15 -10 0.05
25 -15 -10 0.038
30 -15 -10 0.003
35 -15 -10 -0.024
40 -15 -10 -0.013
45 -15 -10 -0.054
50 -15 -10 -0.0105
55 -15 -10 -0.0425
60 -15 -10 -0.1757
70 -15 -10 -0.3564
80 -15 -10 -0.4833
90 -15 -10 -0.5959
-20 -10 -10 0.0798
-15 -10 -10 0.0581
-10 -10 -10 0.039
-5 -10 -10 0.017
0 -10 -10 0.042
5 -10 -10 0.054
10 -10 -10 0.047
15 -10 -10 0.063
20 -10 -10 0.057
25 -10 -10 0.047
30 -10 -10 0.02
35 -10 -10 -0.006
40 -10 -10 -0.008
45 -10 -10 -0.05
50 -10 -10 0.0073
55 -10 -10 0.0359
60 -10 -10 -0.0962
70 -10 -10 -0.352
80 -10 -10 -0.4315
90 -10 -10 -0.5532
-20 -8 -10 0.0756
-15 -8 -10 0.0549
-10 -8 -10 0.0344
-5 -8 -10 0.016
0 -8 -10 0.041
5 -8 -10 0.053
10 -8 -10 0.048
15 -8 -10 0.063
20 -8 -10 0.056
25 -8 -10 0.048
30 -8 -10 0.04
35 -8 -10 0.004
40 -8 -10 -0.007
45 -8 -10 -0.039
50 -8 -10 -0.0085
55 -8 -10 0.0134
60 -8 -10 -0.105
70 -8 -10 -0.3363
80 -8 -10 -0.4235
90 -8 -10 -0.5881
-20 -6 -10 0.08
-15 -6 -10 0.0505
-10 -6 -10 0.029
-5 -6 -10 0.012
0 -6 -10 0.042
5 -6 -10 0.054
10 -6 -10 0.05
15 -6 -10 0.067
20 -6 -10 0.058
25 -6 -10 0.048
30 -6 -10 0.047
35 -6 -10 0.016
40 -6 -10 -0.006
45 -6 -10 -0.053
50 -6 -10 -0.0371
55 -6 -10 -0.011
60 -6 -10 -0.0912
70 -6 -10 -0.2691
80 -6 -10 -0.4238
90 -6 -10 -0.5617
-20 -4 -10 0.0827
-15 -4 -10 0.0427
-10 -4 -10 0.0249
-5 -4 -10 0.008
0 -4 -10 0.043
5 -4 -10 0.053
10 -4 -10 0.05
15 -4 -10 0.069
20 -4 -10 0.06
25 -4 -10 0.046
30 -4 -10 0.049
35 -4 -10 0.024
40 -4 -10 -0.005
45 -4 -10 -0.054
50 -4 -10 -0.0519
55 -4 -10 -0.0169
60 -4 -10 -0.0857
70 -4 -10 -0.3005
80 -4 -10 -0.4321
90 -4 -10 -0.5859
-20 -2 -10 0.0853
-15 -2 -10 0.0378
-10 -2 -10 0.0177
-5 -2 -10 0.01
0 -2 -10 0.043
5 -2 -10 0.052
10 -2 -10 0.051
15 -2 -10 0.072
20 -2 -10 0.065
25 -2 -10 0.048
30 -2 -10 0.051
35 -2 -10 0.031
40 -2 -10 -0.006
45 -2 -10 -0.039
50 -2 -10 -0.0379
55 -2 -10 -0.0113
60 -2 -10 -0.0794
70 -2 -10 -0.2924
80 -2 -10 -0.411
90 -2 -10 -0.5773
-20 0 -10 0.0864
-15 0 -10 0.0328
-10 0 -10 0.0041
-5 0 -10 0.0076
0 0 -10 0.043
5 0 -10 0.0501
10 0 -10 0.0553
15 0 -10 0.0706
20 0 -10 0.0674
25 0 -10 0.0492
30 0 -10 0.0528
35 0 -10 0.0278
40 0 -10 -0.0094
45 0 -10 -0.0411
50 0 -10 -0.0129
55 0 -10 0.0202
60 0 -10 -0.0708
70 0 -10 -0.3137
80 0 -10 -0.4236
90 0 -10 -0.5718
-20 2 -10 0.0782
-15 2 -10 0.0353
-10 2 -10 0.0169
-5 2 -10 0.007
0 2 -10 0.042
5 2 -10 0.052
10 2 -10 0.052
15 2 -10 0.071
20 2 -10 0.069
25 2 -10 0.046
30 2 -10 0.048
35 2 -10 0.028
40 2 -10 -0.022
45 2 -10 -0.047
50 2 -10 -0.0221
55 2 -10 -0.0131
60 2 -10 -0.0887
70 2 -10 -0.3113
80 2 -10 -0.4445
90 2 -10 -0.5728
-20 4 -10 0.0811
-15 4 -10 0.0426
-10 4 -10 0.0227
-5 4 -10 0.008
0 4 -10 0.043
5 4 -10 0.051
10 4 -10 0.053
15 4 -10 0.07
20 4 -10 0.066
25 4 -10 0.047
30 4 -10 0.048
35 4 -10 0.025
40 4 -10 -0.022
45 4 -10 -0.058
50 4 -10 -0.0455
55 4 -10 -0.0553
60 4 -10 -0.1045
70 4 -10 -0.3001
80 4 -10 -0.4185
90 4 -10 -0.5618
-20 6 -10 0.0821
-15 6 -10 0.0481
-10 6 -10 0.028
-5 6 -10 0.01
0 6 -10 0.037
5 6 -10 0.051
10 6 -10 0.052
15 6 -10 0.07
20 6 -10 0.062
25 6 -10 0.044
30 6 -10 0.045
35 6 -10 0.012
40 6 -10 -0.044
45 6 -10 -0.072
50 6 -10 -0.0542
55 6 -10 -0.0602
60 6 -10 -0.1247
70 6 -10 -0.2868
80 6 -10 -0.4268
90 6 -10 -0.568
-20 8 -10 0.0847
-15 8 -10 0.0499
-10 8 -10 0.0311
-5 8 -10 0.011
0 8 -10 0.038
5 8 -10 0.051
10 8 -10 0.052
15 8 -10 0.068
20 8 -10 0.055
25 8 -10 0.043
30 8 -10 0.04
35 8 -10 0.013
40 8 -10 -0.038
45 8 -10 -0.075
50 8 -10 -0.0594
55 8 -10 -0.0424
60 8 -10 -0.1264
70 8 -10 -0.3076
80 8 -10 -0.4231
90 8 -10 -0.5878
-20 10 -10 0.0965
-15 10 -10 0.0524
-10 10 -10 0.0357
-5 10 -10 0.012
0 10 -10 0.0378
5 10 -10 0.051
10 10 -10 0.051
15 10 -10 0.063
20 10 -10 0.052
25 10 -10 0.043
30 10 -10 0.033
35 10 -10 0.003
40 10 -10 -0.041
45 10 -10 -0.081
50 10 -10 -0.0515
55 10 -10 -0.0319
60 10 -10 -0.1414
70 10 -10 -0.3124
80 10 -10 -0.4175
90 10 -10 -0.5702
-20 15 -10 0.124
-15 15 -10 0.0823
-10 15 -10 0.0585
-5 15 -10 0.027
0 15 -10 0.043
5 15 -10 0.051
10 15 -10 0.043
15 15 -10 0.059
20 15 -10 0.046
25 15 -10 0.034
30 15 -10 0.016
35 15 -10 -0.021
40 15 -10 -0.047
45 15 -10 -0.085
50 15 -10 -0.0693
55 15 -10 -0.1104
60 15 -10 -0.2209
70 15 -10 -0.3168
80 15 -10 -0.4693
90 15 -10 -0.5789
-20 20 -10 0.1376
-15 20 -10 0.0891
-10 20 -10 0.082
-5 20 -10 0.039
0 20 -10 0.045
5 20 -10 0.049
10 20 -10 0.042
15 20 -10 0.053
20 20 -10 0.036
25 20 -10 0.019
30 20 -10 -0.005
35 20 -10 -0.026
40 20 -10 -0.05
45 20 -10 -0.056
50 20 -10 -0.0658
55 20 -10 -0.1614
60 20 -10 -0.0836
70 20 -10 -0.3034
80 20 -10 -0.4737
90 20 -10 -0.5858
-20 25 -10 0.1439
-15 25 -10 0.0898
-10 25 -10 0.0707
-5 25 -10 0.058
0 25 -10 0.057
5 25 -10 0.043
10 25 -10 0.038
15 25 -10 0.04
20 25 -10 0.02
25 25 -10 0.002
30 25 -10 -0.024
35 25 -10 -0.02
40 25 -10 -0.013
45 25 -10 -0.051
50 25 -10 -0.0588
55 25 -10 -0.0635
60 25 -10 -0.0767
70 25 -10 -0.3182
80 25 -10 -0.4575
90 25 -10 -0.6003
-20 30 -10 0.1631
-15 30 -10 0.1002
-10 30 -10 0.0752
-5 30 -10 0.052
0 30 -10 0.05
5 30 -10 0.052
10 30 -10 0.03
15 30 -10 0.042
20 30 -10 0.022
25 30 -10 0.005
30 30 -10 0.028
35 30 -10 0.023
40 30 -10 0.033
45 30 -10 -0.006
50 30 -10 -0.0699
55 30 -10 -0.0676
60 30 -10 -0.1331
70 30 -10 -0.3033
80 30 -10 -0.4154
90 30 -10 -0.6038
-20 -30 0 0.0978
-15 -30 0 0.056
-10 -30 0 0.0342
-5 -30 0 -0.024
0 -30 0 -0.055
5 -30 0 -0.046
10 -30 0 -0.067
15 -30 0 -0.067
20 -30 0 -0.057
25 -30 0 -0.064
30 -30 0 -0.045
35 -30 0 -0.022
40 -30 0 0.045
45 -30 0 -0.001
50 -30 0 -0.009
55 -30 0 -0.051
60 -30 0 -0.183
70 -30 0 -0.383
80 -30 0 -0.483
90 -30 0 -0.633
-20 -25 0 0.0719
-15 -25 0 0.0357
-10 -25 0 0.0167
-5 -25 0 -0.024
0 -25 0 -0.046
5 -25 0 -0.064
10 -25 0 -0.062
15 -25 0 -0.077
20 -25 0 -0.071
25 -25 0 -0.088
30 -25 0 -0.105
35 -25 0 -0.072
40 -25 0 0.005
45 -25 0 -0.052
50 -25 0 -0.013
55 -25 0 -0.018
60 -25 0 -0.148
70 -25 0 -0.398
80 -25 0 -0.518
90 -25 0 -0.63
-20 -20 0 0.0621
-15 -20 0 0.0264
-10 -20 0 0.0194
-5 -20 0 -0.039
0 -20 0 -0.059
5 -20 0 -0.055
10 -20 0 -0.056
15 -20 0 -0.068
20 -20 0 -0.062
25 -20 0 -0.077
30 -20 0 -0.092
35 -20 0 -0.092
40 -20 0 -0.052
45 -20 0 -0.06
50 -20 0 -0.017
55 -20 0 -0.065
60 -20 0 -0.173
70 -20 0 -0.382
80 -20 0 -0.528
90 -20 0 -0.616
-20 -15 0 0.043
-15 -15 0 0.0163
-10 -15 0 -0.0089
-5 -15 0 -0.055
0 -15 0 -0.064
5 -15 0 -0.052
10 -15 0 -0.053
15 -15 0 -0.059
20 -15 0 -0.052
25 -15 0 -0.067
30 -15 0 -0.092
35 -15 0 -0.088
40 -15 0 -0.061
45 -15 0 -0.092
50 -15 0 -0.035
55 -15 0 -0.053
60 -15 0 -0.172
70 -15 0 -0.387
80 -15 0 -0.506
90 -15 0 -0.616
-20 -10 0 0.0054
-15 -10 0 -0.024
-10 -10 0 -0.041
-5 -10 0 -0.0758
0 -10 0 -0.066
5 -10 0 -0.0514
10 -10 0 -0.0495
15 -10 0 -0.0536
20 -10 0 -0.0478
25 -10 0 -0.0548
30 -10 0 -0.0782
35 -10 0 -0.0738
40 -10 0 -0.0662
45 -10 0 -0.0927
50 -10 0 -0.078
55 -10 0 -0.0477
60 -10 0 -0.1512
70 -10 0 -0.3869
80 -10 0 -0.485
90 -10 0 -0.6067
-20 -8 0 -0.0023
-15 -8 0 -0.0372
-10 -8 0 -0.051
-5 -8 0 -0.0773
0 -8 0 -0.066
5 -8 0 -0.0507
10 -8 0 -0.0484
15 -8 0 -0.0514
20 -8 0 -0.0518
25 -8 0 -0.0539
30 -8 0 -0.0608
35 -8 0 -0.0639
40 -8 0 -0.0729
45 -8 0 -0.0861
50 -8 0 -0.0713
55 -8 0 -0.052
60 -8 0 -0.1428
70 -8 0 -0.3637
80 -8 0 -0.4785
90 -8 0 -0.6366
-20 -6 0 -0.0006
-15 -6 0 -0.0472
-10 -6 0 -0.0608
-5 -6 0 -0.0802
0 -6 0 -0.0639
5 -6 0 -0.0509
10 -6 0 -0.0467
15 -6 0 -0.0489
20 -6 0 -0.0498
25 -6 0 -0.053
30 -6 0 -0.0529
35 -6 0 -0.0594
40 -6 0 -0.0739
45 -6 0 -0.1056
50 -6 0 -0.0774
55 -6 0 -0.0583
60 -6 0 -0.1118
70 -6 0 -0.2706
80 -6 0 -0.4804
90 -6 0 -0.6053
-20 -4 0 0.0062
-15 -4 0 -0.059
-10 -4 0 -0.07
-5 -4 0 -0.0802
0 -4 0 -0.0615
5 -4 0 -0.0501
10 -4 0 -0.0457
15 -4 0 -0.0456
20 -4 0 -0.0463
25 -4 0 -0.052
30 -4 0 -0.05
35 -4 0 -0.0572
40 -4 0 -0.0789
45 -4 0 -0.0966
50 -4 0 -0.089
55 -4 0 -0.0663
60 -4 0 -0.1094
70 -4 0 -0.2967
80 -4 0 -0.4869
90 -4 0 -0.6281
-20 -2 0 0.0114
-15 -2 0 -0.0674
-10 -2 0 -0.0813
-5 -2 0 -0.0774
0 -2 0 -0.0605
5 -2 0 -0.0499
10 -2 0 -0.0444
15 -2 0 -0.0419
20 -2 0 -0.0384
25 -2 0 -0.0499
30 -2 0 -0.0471
35 -2 0 -0.0567
40 -2 0 -0.082
45 -2 0 -0.0862
50 -2 0 -0.0913
55 -2 0 -0.083
60 -2 0 -0.1266
70 -2 0 -0.2944
80 -2 0 -0.4605
90 -2 0 -0.6217
-20 0 0 0.0127
-15 0 0 -0.0755
-10 0 0 -0.1025
-5 0 0 -0.0744
0 0 0 -0.0598
5 0 0 -0.0498
10 0 0 -0.0437
15 0 0 -0.0407
20 0 0 -0.0342
25 0 0 -0.0507
30 0 0 -0.0459
35 0 0 -0.0605
40 0 0 -0.0835
45 0 0 -0.0923
50 0 0 -0.0826
55 0 0 -0.0738
60 0 0 -0.1414
70 0 0 -0.3216
80 0 0 -0.4678
90 0 0 -0.6184
-20 2 0 0.0001
-15 2 0 -0.0712
-10 2 0 -0.0793
-5 2 0 -0.0774
0 2 0 -0.06
5 2 0 -0.05
10 2 0 -0.0448
15 2 0 -0.041
20 2 0 -0.0329
25 2 0 -0.0501
30 2 0 -0.051
35 2 0 -0.0605
40 2 0 -0.0917
45 2 0 -0.0975
50 2 0 -0.0898
55 2 0 -0.0851
60 2 0 -0.1436
70 2 0 -0.3252
80 2 0 -0.4883
90 2 0 -0.6163
-20 4 0 0.0023
-15 4 0 -0.06
-10 4 0 -0.0673
-5 4 0 -0.0782
0 4 0 -0.0606
5 4 0 -0.0518
10 4 0 -0.0458
15 4 0 -0.0422
20 4 0 -0.0366
25 4 0 -0.0506
30 4 0 -0.052
35 4 0 -0.0625
40 4 0 -0.0971
45 4 0 -0.108
50 4 0 -0.1112
55 4 0 -0.1053
60 4 0 -0.1437
70 4 0 -0.3199
80 4 0 -0.462
90 4 0 -0.6022
-20 6 0 0.0006
-15 6 0 -0.046
-10 6 0 -0.0576
-5 6 0 -0.0784
0 6 0 -0.0608
5 6 0 -0.0526
10 6 0 -0.048
15 6 0 -0.0432
20 6 0 -0.0426
25 6 0 -0.0526
30 6 0 -0.0542
35 6 0 -0.0729
40 6 0 -0.1252
45 6 0 -0.1168
50 6 0 -0.1201
55 6 0 -0.105
60 6 0 -0.1521
70 6 0 -0.3123
80 6 0 -0.4744
90 6 0 -0.6073
-20 8 0 0.0033
-15 8 0 -0.0393
-10 8 0 -0.05
-5 8 0 -0.0782
0 8 0 -0.0617
5 8 0 -0.0532
10 8 0 -0.049
15 8 0 -0.0447
20 8 0 -0.0532
25 8 0 -0.0539
30 8 0 -0.0612
35 8 0 -0.0747
40 8 0 -0.1071
45 8 0 -0.1209
50 8 0 -0.1277
55 8 0 -0.0988
60 8 0 -0.1459
70 8 0 -0.3385
80 8 0 -0.4792
90 8 0 -0.6281
-20 10 0 0.0177
-15 10 0 -0.0287
-10 10 0 -0.0424
-5 10 0 -0.077
0 10 0 -0.0621
5 10 0 -0.0537
10 10 0 -0.0498
15 10 0 -0.0484
20 10 0 -0.0555
25 10 0 -0.056
30 10 0 -0.068
35 10 0 -0.0804
40 10 0 -0.1116
45 10 0 -0.1243
50 10 0 -0.1222
55 10 0 -0.1
60 10 0 -0.153
70 10 0 -0.3487
80 10 0 -0.4821
90 10 0 -0.6115
-20 15 0 0.055
-15 15 0 0.011
-10 15 0 -0.01
-5 15 0 -0.0572
0 15 0 -0.0606
5 15 0 -0.0545
10 15 0 -0.0534
15 15 0 -0.0536
20 15 0 -0.062
25 15 0 -0.0649
30 15 0 -0.0847
35 15 0 -0.093
40 15 0 -0.1057
45 15 0 -0.1234
50 15 0 -0.122
55 15 0 -0.1076
60 15 0 -0.1709
70 15 0 -0.3486
80 15 0 -0.5022
90 15 0 -0.6209
-20 20 0 0.074
-15 20 0 0.022
-10 20 0 0.018
-5 20 0 -0.04
0 20 0 -0.0587
5 20 0 -0.0564
10 20 0 -0.0555
15 20 0 -0.0609
20 20 0 -0.0705
25 20 0 -0.0761
30 20 0 -0.0849
35 20 0 -0.0974
40 20 0 -0.0979
45 20 0 -0.0897
50 20 0 -0.0852
55 20 0 -0.1152
60 20 0 -0.1741
70 20 0 -0.3445
80 20 0 -0.5242
90 20 0 -0.621
-20 25 0 0.084
-15 25 0 0.031
-10 25 0 0.014
-5 25 0 -0.0251
0 25 0 -0.0484
5 25 0 -0.0619
10 25 0 -0.0619
15 25 0 -0.0715
20 25 0 -0.08
25 25 0 -0.0888
30 25 0 -0.0971
35 25 0 -0.0775
40 25 0 -0.0402
45 25 0 -0.082
50 25 0 -0.0648
55 25 0 -0.0589
60 25 0 -0.1475
70 25 0 -0.3593
80 25 0 -0.5145
90 25 0 -0.6351
-20 30 0 0.11
-15 30 0 0.046
-10 30 0 0.032
-5 30 0 -0.026
0 30 0 -0.0517
5 30 0 -0.0651
10 30 0 -0.0658
15 30 0 -0.0613
20 30 0 -0.066
25 30 0 -0.0633
30 30 0 -0.0364
35 30 0 -0.0279
40 30 0 0.0022
45 30 0 -0.0294
50 30 0 -0.0624
55 30 0 -0.1047
60 30 0 -0.1841
70 30 0 -0.3444
80 30 0 -0.4788
90 30 0 -0.6381
-20 -30 10 0.02
-15 -30 10 -0.0153
-10 -30 10 -0.0549
-5 -30 10 -0.112
0 -30 10 -0.117
5 -30 10 -0.105
10 -30 10 -0.097
15 -30 10 -0.097
20 -30 10 -0.062
25 -30 10 -0.075
30 -30 10 -0.088
35 -30 10 -0.105
40 -30 10 -0.0438
45 -30 10 -0.1448
50 -30 10 -0.153
55 -30 10 -0.076
60 -30 10 -0.171
70 -30 10 -0.4001
80 -30 10 -0.5082
90 -30 10 -0.6368
-20 -25 10 -0.0036
-15 -25 10 -0.0385
-10 -25 10 -0.0792
-5 -25 10 -0.124
0 -25 10 -0.127
5 -25 10 -0.133
10 -25 10 -0.112
15 -25 10 -0.118
20 -25 10 -0.083
25 -25 10 -0.103
30 -25 10 -0.168
35 -25 10 -0.1611
40 -25 10 -0.1079
45 -25 10 -0.0931
50 -25 10 -0.133
55 -25 10 -0.063
60 -25 10 -0.12
70 -25 10 -0.4044
80 -25 10 -0.5338
90 -25 10 -0.6326
-20 -20 10 -0.0107
-15 -20 10 -0.0525
-10 -20 10 -0.0932
-5 -20 10 -0.152
0 -20 10 -0.152
5 -20 10 -0.144
10 -20 10 -0.122
15 -20 10 -0.133
20 -20 10 -0.097
25 -20 10 -0.113
30 -20 10 -0.165
35 -20 10 -0.1862
40 -20 10 -0.1281
45 -20 10 -0.1319
50 -20 10 -0.128
55 -20 10 -0.152
60 -20 10 -0.135
70 -20 10 -0.3789
80 -20 10 -0.5333
90 -20 10 -0.6174
-20 -15 10 -0.0334
-15 -15 10 -0.0743
-10 -15 10 -0.1226
-5 -15 10 -0.168
0 -15 10 -0.159
5 -15 10 -0.155
10 -15 10 -0.135
15 -15 10 -0.151
20 -15 10 -0.106
25 -15 10 -0.108
30 -15 10 -0.172
35 -15 10 -0.2095
40 -15 10 -0.1485
45 -15 10 -0.1793
50 -15 10 -0.147
55 -15 10 -0.057
60 -15 10 -0.14
70 -15 10 -0.405
80 -15 10 -0.5253
90 -15 10 -0.6217
-20 -10 10 -0.0778
-15 -10 10 -0.1233
-10 -10 10 -0.1521
-5 -10 10 -0.183
0 -10 10 -0.16
5 -10 10 -0.155
10 -10 10 -0.142
15 -10 10 -0.152
20 -10 10 -0.134
25 -10 10 -0.137
30 -10 10 -0.171
35 -10 10 -0.1951
40 -10 10 -0.1405
45 -10 10 -0.1518
50 -10 10 -0.1077
55 -10 10 -0.0075
60 -10 10 -0.1588
70 -10 10 -0.3419
80 -10 10 -0.4877
90 -10 10 -0.5909
-20 -8 10 -0.0944
-15 -8 10 -0.1376
-10 -8 10 -0.1609
-5 -8 10 -0.188
0 -8 10 -0.16
5 -8 10 -0.155
10 -8 10 -0.142
15 -8 10 -0.15
20 -8 10 -0.142
25 -8 10 -0.144
30 -8 10 -0.155
35 -8 10 -0.176
40 -8 10 -0.1272
45 -8 10 -0.1264
50 -8 10 -0.103
55 -8 10 -0.046
60 -8 10 -0.1634
70 -8 10 -0.3364
80 -8 10 -0.4848
90 -8 10 -0.6214
-20 -6 10 -0.0926
-15 -6 10 -0.1466
-10 -6 10 -0.1688
-5 -6 10 -0.191
0 -6 10 -0.159
5 -6 10 -0.155
10 -6 10 -0.151
15 -6 10 -0.155
20 -6 10 -0.138
25 -6 10 -0.153
30 -6 10 -0.15
35 -6 10 -0.1514
40 -6 10 -0.1301
45 -6 10 -0.1053
50 -6 10 -0.1111
55 -6 10 -0.0865
60 -6 10 -0.1455
70 -6 10 -0.261
80 -6 10 -0.4902
90 -6 10 -0.5906
-20 -4 10 -0.0855
-15 -4 10 -0.1551
-10 -4 10 -0.1774
-5 -4 10 -0.192
0 -4 10 -0.157
5 -4 10 -0.155
10 -4 10 -0.153
15 -4 10 -0.155
20 -4 10 -0.134
25 -4 10 -0.154
30 -4 10 -0.147
35 -4 10 -0.1444
40 -4 10 -0.1367
45 -4 10 -0.1575
50 -4 10 -0.1154
55 -4 10 -0.0614
60 -4 10 -0.1444
70 -4 10 -0.2714
80 -4 10 -0.497
90 -4 10 -0.6146
-20 -2 10 -0.0815
-15 -2 10 -0.1663
-10 -2 10 -0.188
-5 -2 10 -0.189
0 -2 10 -0.162
5 -2 10 -0.158
10 -2 10 -0.157
15 -2 10 -0.152
20 -2 10 -0.13
25 -2 10 -0.154
30 -2 10 -0.144
35 -2 10 -0.1427
40 -2 10 -0.1555
45 -2 10 -0.1807
50 -2 10 -0.1161
55 -2 10 -0.0976
60 -2 10 -0.1512
70 -2 10 -0.2201
80 -2 10 -0.4677
90 -2 10 -0.6099
-20 0 10 -0.0835
-15 0 10 -0.1719
-10 0 10 -0.2153
-5 0 10 -0.1888
0 0 10 -0.161
5 0 10 -0.1606
10 0 10 -0.1548
15 0 10 -0.1452
20 0 10 -0.1264
25 0 10 -0.153
30 0 10 -0.144
35 0 10 -0.1411
40 0 10 -0.145
45 0 10 -0.1411
50 0 10 -0.1008
55 0 10 -0.0679
60 0 10 -0.1556
70 0 10 -0.1983
80 0 10 -0.4721
90 0 10 -0.6083
-20 2 10 -0.0955
-15 2 10 -0.1683
-10 2 10 -0.1839
-5 2 10 -0.19
0 2 10 -0.162
5 2 10 -0.161
10 2 10 -0.155
15 2 10 -0.148
20 2 10 -0.126
25 2 10 -0.155
30 2 10 -0.145
35 2 10 -0.145
40 2 10 -0.1543
45 2 10 -0.1635
50 2 10 -0.106
55 2 10 -0.0922
60 2 10 -0.1653
70 2 10 -0.2363
80 2 10 -0.4929
90 2 10 -0.608
-20 4 10 -0.093
-15 4 10 -0.1568
-10 4 10 -0.1738
-5 4 10 -0.193
0 4 10 -0.163
5 4 10 -0.162
10 4 10 -0.152
15 4 10 -0.155
20 4 10 -0.126
25 4 10 -0.15
30 4 10 -0.146
35 4 10 -0.1513
40 4 10 -0.1595
45 4 10 -0.1655
50 4 10 -0.1254
55 4 10 -0.1253
60 4 10 -0.1719
70 4 10 -0.2655
80 4 10 -0.4669
90 4 10 -0.5958
-20 6 10 -0.0943
-15 6 10 -0.1437
-10 6 10 -0.1648
-5 6 10 -0.193
0 6 10 -0.167
5 6 10 -0.157
10 6 10 -0.153
15 6 10 -0.155
20 6 10 -0.151
25 6 10 -0.15
30 6 10 -0.153
35 6 10 -0.1565
40 6 10 -0.1527
45 6 10 -0.1635
50 6 10 -0.1273
55 6 10 -0.1221
60 6 10 -0.1866
70 6 10 -0.2695
80 6 10 -0.4776
90 6 10 -0.5979
-20 8 10 -0.0881
-15 8 10 -0.1371
-10 8 10 -0.1594
-5 8 10 -0.191
0 8 10 -0.162
5 8 10 -0.157
10 8 10 -0.145
15 8 10 -0.157
20 8 10 -0.161
25 8 10 -0.16
30 8 10 -0.157
35 8 10 -0.1627
40 8 10 -0.1644
45 8 10 -0.1815
50 8 10 -0.1228
55 8 10 -0.0972
60 8 10 -0.1859
70 8 10 -0.2844
80 8 10 -0.4787
90 8 10 -0.6109
-20 10 10 -0.0743
-15 10 10 -0.1295
-10 10 10 -0.1525
-5 10 10 -0.183
0 10 10 -0.162
5 10 10 -0.156
10 10 10 -0.146
15 10 10 -0.152
20 10 10 -0.166
25 10 10 -0.164
30 10 10 -0.156
35 10 10 -0.1705
40 10 10 -0.1682
45 10 10 -0.1872
50 10 10 -0.1052
55 10 10 -0.0797
60 10 10 -0.1985
70 10 10 -0.2833
80 10 10 -0.4779
90 10 10 -0.5865
-20 15 10 -0.0265
-15 15 10 -0.0798
-10 15 10 -0.1225
-5 15 10 -0.168
0 15 10 -0.162
5 15 10 -0.156
10 15 10 -0.14
15 15 10 -0.151
20 15 10 -0.137
25 15 10 -0.133
30 15 10 -0.159
35 15 10 -0.1836
40 15 10 -0.1791
45 15 10 -0.2206
50 15 10 -0.1442
55 15 10 -0.1301
60 15 10 -0.1808
70 15 10 -0.3734
80 15 10 -0.5155
90 15 10 -0.6173
-20 20 10 -0.004
-15 20 10 -0.0589
-10 20 10 -0.0931
-5 20 10 -0.152
0 20 10 -0.153
5 20 10 -0.145
10 20 10 -0.126
15 20 10 -0.134
20 20 10 -0.126
25 20 10 -0.138
30 20 10 -0.152
35 20 10 -0.1611
40 20 10 -0.1553
45 20 10 -0.1644
50 20 10 -0.1253
55 20 10 -0.2255
60 20 10 -0.1758
70 20 10 -0.3473
80 20 10 -0.5235
90 20 10 -0.613
-20 25 10 0.0034
-15 25 10 -0.0445
-10 25 10 -0.1276
-5 25 10 -0.125
0 25 10 -0.126
5 25 10 -0.133
10 25 10 -0.117
15 25 10 -0.118
20 25 10 -0.115
25 25 10 -0.129
30 25 10 -0.155
35 25 10 -0.1363
40 25 10 -0.1362
45 25 10 -0.132
50 25 10 -0.1286
55 25 10 -0.1358
60 25 10 -0.1621
70 25 10 -0.3728
80 25 10 -0.524
90 25 10 -0.6282
-20 30 10 0.0268
-15 30 10 -0.0241
-10 30 10 -0.0548
-5 30 10 -0.112
0 30 10 -0.117
5 30 10 -0.118
10 30 10 -0.104
15 30 10 -0.096
20 30 10 -0.094
25 30 10 -0.099
30 30 10 -0.075
35 30 10 -0.0815
40 30 10 -0.0744
45 30 10 -0.1935
50 30 10 -0.1498
55 30 10 -0.1481
60 30 10 -0.2116
70 30 10 -0.3685
80 30 10 -0.4984
90 30 10 -0.6324
-20 -30 25 -0.0818
-15 -30 25 -0.116
-10 -30 25 -0.1527
-5 -30 25 -0.177
0 -30 25 -0.174
5 -30 25 -0.164
10 -30 25 -0.128
15 -30 25 -0.116
20 -30 25 -0.068
25 -30 25 -0.075
30 -30 25 -0.097
35 -30 25 -0.104
40 -30 25 -0.025
45 -30 25 -0.057
50 -30 25 -0.108
55 -30 25 -0.125
60 -30 25 -0.143
70 -30 25 -0.422
80 -30 25 -0.45
90 -30 25 -0.56
-20 -25 25 -0.1023
-15 -25 25 -0.1432
-10 -25 25 -0.1845
-5 -25 25 -0.2
0 -25 25 -0.197
5 -25 25 -0.192
10 -25 25 -0.162
15 -25 25 -0.148
20 -25 25 -0.093
25 -25 25 -0.109
30 -25 25 -0.186
35 -25 25 -0.16
40 -25 25 -0.084
45 -25 25 -0.068
50 -25 25 -0.093
55 -25 25 -0.115
60 -25 25 -0.082
70 -25 25 -0.438
80 -25 25 -0.5
90 -25 25 -0.592
-20 -20 25 -0.106
-15 -20 25 -0.1646
-10 -20 25 -0.2168
-5 -20 25 -0.237
0 -20 25 -0.234
5 -20 25 -0.219
10 -20 25 -0.188
15 -20 25 -0.181
20 -20 25 -0.124
25 -20 25 -0.132
30 -20 25 -0.186
35 -20 25 -0.185
40 -20 25 -0.112
45 -20 25 -0.088
50 -20 25 -0.093
55 -20 25 -0.207
60 -20 25 -0.085
70 -20 25 -0.425
80 -20 25 -0.524
90 -20 25 -0.513
-20 -15 25 -0.1334
-15 -15 25 -0.202
-10 -15 25 -0.248
-5 -15 25 -0.252
0 -15 25 -0.247
5 -15 25 -0.243
10 -15 25 -0.216
15 -15 25 -0.215
20 -15 25 -0.154
25 -15 25 -0.133
30 -15 25 -0.198
35 -15 25 -0.208
40 -15 25 -0.13
45 -15 25 -0.126
50 -15 25 -0.087
55 -15 25 -0.103
60 -15 25 -0.091
70 -15 25 -0.433
80 -15 25 -0.514
90 -15 25 -0.593
-20 -10 25 -0.1866
-15 -10 25 -0.2635
-10 -10 25 -0.274
-5 -10 25 -0.263
0 -10 25 -0.2487
5 -10 25 -0.2429
10 -10 25 -0.2297
15 -10 25 -0.2186
20 -10 25 -0.2203
25 -10 25 -0.1882
30 -10 25 -0.1989
35 -10 25 -0.1936
40 -10 25 -0.1248
45 -10 25 -0.1157
50 -10 25 -0.0745
55 -10 25 -0.0588
60 -10 25 -0.1251
70 -10 25 -0.339
80 -10 25 -0.4633
90 -10 25 -0.5674
-20 -8 25 -0.2149
-15 -8 25 -0.2792
-10 -8 25 -0.2816
-5 -8 25 -0.2698
0 -8 25 -0.2486
5 -8 25 -0.2425
10 -8 25 -0.2289
15 -8 25 -0.2174
20 -8 25 -0.2311
25 -8 25 -0.2123
30 -8 25 -0.1828
35 -8 25 -0.1746
40 -8 25 -0.1157
45 -8 25 -0.1018
50 -8 25 -0.0894
55 -8 25 -0.0831
60 -8 25 -0.1492
70 -8 25 -0.3231
80 -8 25 -0.4648
90 -8 25 -0.603
-20 -6 25 -0.2128
-15 -6 25 -0.2868
-10 -6 25 -0.2874
-5 -6 25 -0.2734
0 -6 25 -0.2493
5 -6 25 -0.2441
10 -6 25 -0.2391
15 -6 25 -0.2272
20 -6 25 -0.2272
25 -6 25 -0.2264
30 -6 25 -0.1798
35 -6 25 -0.1503
40 -6 25 -0.1182
45 -6 25 -0.1055
50 -6 25 -0.1198
55 -6 25 -0.1095
60 -6 25 -0.1507
70 -6 25 -0.2373
80 -6 25 -0.4746
90 -6 25 -0.5774
-20 -4 25 -0.2055
-15 -4 25 -0.2906
-10 -4 25 -0.2952
-5 -4 25 -0.2737
0 -4 25 -0.2489
5 -4 25 -0.2476
10 -4 25 -0.2519
15 -4 25 -0.2283
20 -4 25 -0.2205
25 -4 25 -0.2304
30 -4 25 -0.1762
35 -4 25 -0.1433
40 -4 25 -0.1245
45 -4 25 -0.1203
50 -4 25 -0.1388
55 -4 25 -0.0791
60 -4 25 -0.157
70 -4 25 -0.2547
80 -4 25 -0.4862
90 -4 25 -0.6021
-20 -2 25 -0.203
-15 -2 25 -0.3059
-10 -2 25 -0.3025
-5 -2 25 -0.2738
0 -2 25 -0.2539
5 -2 25 -0.254
10 -2 25 -0.2626
15 -2 25 -0.2258
20 -2 25 -0.2205
25 -2 25 -0.2337
30 -2 25 -0.1751
35 -2 25 -0.1416
40 -2 25 -0.14
45 -2 25 -0.123
50 -2 25 -0.1366
55 -2 25 -0.1189
60 -2 25 -0.1589
70 -2 25 -0.2277
80 -2 25 -0.4621
90 -2 25 -0.5938
-20 0 25 -0.2093
-15 0 25 -0.3079
-10 0 25 -0.3391
-5 0 25 -0.2741
0 0 25 -0.2527
5 0 25 -0.2562
10 0 25 -0.2554
15 0 25 -0.2157
20 0 25 -0.2165
25 0 25 -0.2325
30 0 25 -0.174
35 0 25 -0.1401
40 0 25 -0.132
45 0 25 -0.1113
50 0 25 -0.1234
55 0 25 -0.0929
60 0 25 -0.1584
70 0 25 -0.2303
80 0 25 -0.4716
90 0 25 -0.5886
-20 2 25 -0.2204
-15 2 25 -0.3052
-10 2 25 -0.2988
-5 2 25 -0.2761
0 2 25 -0.2524
5 2 25 -0.2589
10 2 25 -0.2599
15 2 25 -0.2184
20 2 25 -0.2182
25 2 25 -0.2322
30 2 25 -0.1732
35 2 25 -0.144
40 2 25 -0.1411
45 2 25 -0.1232
50 2 25 -0.1254
55 2 25 -0.1186
60 2 25 -0.1689
70 2 25 -0.3505
80 2 25 -0.4474
90 2 25 -0.5839
-20 4 25 -0.2176
-15 4 25 -0.2933
-10 4 25 -0.2907
-5 4 25 -0.2782
0 4 25 -0.2524
5 4 25 -0.2581
10 4 25 -0.253
15 4 25 -0.2297
20 4 25 -0.2138
25 4 25 -0.2269
30 4 25 -0.1782
35 4 25 -0.1502
40 4 25 -0.1463
45 4 25 -0.1304
50 4 25 -0.1416
55 4 25 -0.1533
60 4 25 -0.1773
70 4 25 -0.1931
80 4 25 -0.3916
90 4 25 -0.5673
-20 6 25 -0.2185
-15 6 25 -0.2816
-10 6 25 -0.2825
-5 6 25 -0.2785
0 6 25 -0.2532
5 6 25 -0.2482
10 6 25 -0.2501
15 6 25 -0.2305
20 6 25 -0.2589
25 6 25 -0.2243
30 6 25 -0.1855
35 6 25 -0.1555
40 6 25 -0.1532
45 6 25 -0.135
50 6 25 -0.1463
55 6 25 -0.1523
60 6 25 -0.1947
70 6 25 -0.188
80 6 25 -0.4082
90 6 25 -0.57
-20 8 25 -0.2077
-15 8 25 -0.275
-10 8 25 -0.2794
-5 8 25 -0.2756
0 8 25 -0.2517
5 8 25 -0.2428
10 8 25 -0.2367
15 8 25 -0.231
20 8 25 -0.2705
25 8 25 -0.2382
30 8 25 -0.1875
35 8 25 -0.1616
40 8 25 -0.1523
45 8 25 -0.1445
50 8 25 -0.1508
55 8 25 -0.1304
60 8 25 -0.1982
70 8 25 -0.2371
80 8 25 -0.4299
90 8 25 -0.5885
-20 10 25 -0.1946
-15 10 25 -0.2717
-10 10 25 -0.2734
-5 10 25 -0.2632
0 10 25 -0.2491
5 10 25 -0.2427
10 10 25 -0.233
15 10 25 -0.219
20 10 25 -0.2751
25 10 25 -0.2465
30 10 25 -0.1852
35 10 25 -0.1694
40 10 25 -0.1562
45 10 25 -0.1488
50 10 25 -0.1421
55 10 25 -0.1158
60 10 25 -0.215
70 10 25 -0.2701
80 10 25 -0.4593
90 10 25 -0.5696
-20 15 25 -0.133
-15 15 25 -0.208
-10 15 25 -0.246
-5 15 25 -0.2527
0 15 25 -0.2491
5 15 25 -0.2434
10 15 25 -0.222
15 15 25 -0.2175
20 15 25 -0.2111
25 15 25 -0.1828
30 15 25 -0.1824
35 15 25 -0.1825
40 15 25 -0.1636
45 15 25 -0.1618
50 15 25 -0.155
55 15 25 -0.158
60 15 25 -0.1808
70 15 25 -0.3635
80 15 25 -0.5113
90 15 25 -0.5961
-20 20 25 -0.106
-15 20 25 -0.173
-10 20 25 -0.215
-5 20 25 -0.237
0 20 25 -0.2359
5 20 25 -0.2199
10 20 25 -0.1938
15 20 25 -0.1838
20 20 25 -0.1811
25 20 25 -0.1848
30 20 25 -0.1732
35 20 25 -0.1603
40 20 25 -0.1432
45 20 25 -0.1188
50 20 25 -0.1585
55 20 25 -0.2612
60 20 25 -0.1737
70 20 25 -0.3563
80 20 25 -0.5202
90 20 25 -0.6158
-20 25 25 -0.102
-15 25 25 -0.151
-10 25 25 -0.183
-5 25 25 -0.2002
0 25 25 -0.1983
5 25 25 -0.1939
10 25 25 -0.1664
15 25 25 -0.1502
20 25 25 -0.1482
25 25 25 -0.1595
30 25 25 -0.1478
35 25 25 -0.1356
40 25 25 -0.1159
45 25 25 -0.1003
50 25 25 -0.1588
55 25 25 -0.1702
60 25 25 -0.1719
70 25 25 -0.3697
80 25 25 -0.4961
90 25 25 -0.5951
-20 30 25 -0.082
-15 30 25 -0.123
-10 30 25 -0.15
-5 30 25 -0.1772
0 30 25 -0.1748
5 30 25 -0.1612
10 30 25 -0.1338
15 30 25 -0.1195
20 30 25 -0.1227
25 30 25 -0.125
30 30 25 -0.0814
35 30 25 -0.0808
40 30 25 -0.0582
45 30 25 -0.0933
50 30 25 -0.1771
55 30 25 -0.1812
60 30 25 -0.2333
70 30 25 -0.3534
80 30 25 -0.446
90 30 25 -0.5634
