alpha beta ele Cn
-20 -30 -25 -0.0596
-15 -30 -25 -0.0624
-10 -30 -25 -0.0714
-5 -30 -25 -0.0852
0 -30 -25 -0.0999
5 -30 -25 -0.1053
10 -30 -25 -0.0992
15 -30 -25 -0.0988
20 -30 -25 -0.0638
25 -30 -25 -0.0486
30 -30 -25 -0.011
35 -30 -25 -0.007
40 -30 -25 -0.0171
45 -30 -25 -0.0173
50 -30 -25 -0.0457
55 -30 -25 -0.0595
60 -30 -25 -0.0253
70 -30 -25 0.0204
80 -30 -25 0.0212
90 -30 -25 0.0323
-20 -25 -25 -0.063
-15 -25 -25 -0.0582
-10 -25 -25 -0.0624
-5 -25 -25 -0.0763
0 -25 -25 -0.0873
5 -25 -25 -0.0833
10 -25 -25 -0.077
15 -25 -25 -0.063
20 -25 -25 -0.0467
25 -25 -25 -0.0349
30 -25 -25 0.0147
35 -25 -25 0.0272
40 -25 -25 0.0033
45 -25 -25 -0.0026
50 -25 -25 -0.0358
55 -25 -25 -0.047
60 -25 -25 -0.013
70 -25 -25 0.0252
80 -25 -25 0.0213
90 -25 -25 0.0203
-20 -20 -25 -0.0528
-15 -20 -25 -0.0457
-10 -20 -25 -0.0529
-5 -20 -25 -0.0641
0 -20 -25 -0.0799
5 -20 -25 -0.07
10 -20 -25 -0.0642
15 -20 -25 -0.0487
20 -20 -25 -0.0251
25 -20 -25 -0.0161
30 -20 -25 0.0279
35 -20 -25 0.053
40 -20 -25 0.0636
45 -20 -25 0.0344
50 -20 -25 -0.018
55 -20 -25 -0.0044
60 -20 -25 0.0176
70 -20 -25 0.0175
80 -20 -25 0.0137
90 -20 -25 0.0112
-20 -15 -25 -0.0381
-15 -15 -25 -0.0288
-10 -15 -25 -0.0429
-5 -15 -25 -0.048
0 -15 -25 -0.0532
5 -15 -25 -0.053
10 -15 -25 -0.0489
15 -15 -25 -0.0459
20 -15 -25 -0.0237
25 -15 -25 -0.0126
30 -15 -25 0.0248
35 -15 -25 0.067
40 -15 -25 0.0669
45 -15 -25 0.0524
50 -15 -25 0.0132
55 -15 -25 -0.0223
60 -15 -25 -0.0079
70 -15 -25 0.0099
80 -15 -25 0.0092
90 -15 -25 0.0022
-20 -10 -25 -0.0138
-15 -10 -25 -0.0184
-10 -10 -25 -0.0278
-5 -10 -25 -0.0356
0 -10 -25 -0.0379
5 -10 -25 -0.0361
10 -10 -25 -0.0369
15 -10 -25 -0.0351
20 -10 -25 -0.022
25 -10 -25 -0.0153
30 -10 -25 0.0286
35 -10 -25 0.0503
40 -10 -25 0.0439
45 -10 -25 0.0346
50 -10 -25 0.0235
55 -10 -25 -0.0307
60 -10 -25 0.0036
70 -10 -25 -0.0021
80 -10 -25 0.0075
90 -10 -25 0.0083
-20 -8 -25 -0.0056
-15 -8 -25 -0.0136
-10 -8 -25 -0.0203
-5 -8 -25 -0.0265
0 -8 -25 -0.0284
5 -8 -25 -0.0289
10 -8 -25 -0.0294
15 -8 -25 -0.0279
20 -8 -25 -0.0177
25 -8 -25 -0.0113
30 -8 -25 0.0059
35 -8 -25 0.0495
40 -8 -25 0.0299
45 -8 -25 0.0251
50 -8 -25 0.0212
55 -8 -25 -0.0236
60 -8 -25 -0.0071
70 -8 -25 -0.0059
80 -8 -25 0.0086
90 -8 -25 0.0066
-20 -6 -25 0.0031
-15 -6 -25 -0.007
-10 -6 -25 -0.0134
-5 -6 -25 -0.0186
0 -6 -25 -0.0197
5 -6 -25 -0.0202
10 -6 -25 -0.0212
15 -6 -25 -0.0202
20 -6 -25 -0.0112
25 -6 -25 -0.007
30 -6 -25 0.0032
35 -6 -25 0.0371
40 -6 -25 0.0158
45 -6 -25 0.0147
50 -6 -25 0.0214
55 -6 -25 -0.0203
60 -6 -25 -0.0214
70 -6 -25 -0.0098
80 -6 -25 0.0084
90 -6 -25 0.0043
-20 -4 -25 0.0084
-15 -4 -25 -0.0013
-10 -4 -25 -0.0058
-5 -4 -25 -0.0116
0 -4 -25 -0.0122
5 -4 -25 -0.013
10 -4 -25 -0.0136
15 -4 -25 -0.0126
20 -4 -25 -0.0049
25 -4 -25 -0.0035
30 -4 -25 0.0038
35 -4 -25 0.0212
40 -4 -25 0.005
45 -4 -25 0.0094
50 -4 -25 0.0073
55 -4 -25 -0.0211
60 -4 -25 -0.0318
70 -4 -25 -0.0165
80 -4 -25 0.0063
90 -4 -25 0.0033
-20 -2 -25 0.0071
-15 -2 -25 0.0007
-10 -2 -25 -0.0014
-5 -2 -25 -0.0057
0 -2 -25 -0.0057
5 -2 -25 -0.0059
10 -2 -25 -0.0065
15 -2 -25 -0.0057
20 -2 -25 -0.0001
25 -2 -25 -0.0014
30 -2 -25 0.003
35 -2 -25 0.0103
40 -2 -25 -0.0066
45 -2 -25 0.0009
50 -2 -25 0.002
55 -2 -25 -0.0106
60 -2 -25 -0.0227
70 -2 -25 -0.0196
80 -2 -25 0.0035
90 -2 -25 0.0022
-20 0 -25 0.0037
-15 0 -25 -0.0003
-10 0 -25 -0.0036
-5 0 -25 -0.0002
0 0 -25 -0.0004
5 0 -25 -0.0009
10 0 -25 -0.0011
15 0 -25 -0.0012
20 0 -25 0.0039
25 0 -25 0.0002
30 0 -25 -0.0008
35 0 -25 -0.0042
40 0 -25 -0.0134
45 0 -25 -0.0053
50 0 -25 -0.0084
55 0 -25 -0.0146
60 0 -25 -0.0198
70 0 -25 -0.0028
80 0 -25 -0.0024
90 0 -25 0.0004
-20 2 -25 -0.0011
-15 2 -25 0.0001
-10 2 -25 0.0011
-5 2 -25 0.0052
0 2 -25 0.0051
5 2 -25 0.0047
10 2 -25 0.0043
15 2 -25 0.0043
20 2 -25 0.0017
25 2 -25 0.0015
30 2 -25 -0.005
35 2 -25 -0.0146
40 2 -25 -0.0182
45 2 -25 -0.0198
50 2 -25 -0.0166
55 2 -25 -0.0165
60 2 -25 -0.0146
70 2 -25 0
80 2 -25 -0.0037
90 2 -25 -0.006
-20 4 -25 -0.0069
-15 4 -25 0.0025
-10 4 -25 0.006
-5 4 -25 0.011
0 4 -25 0.0118
5 4 -25 0.0123
10 4 -25 0.012
15 4 -25 0.0117
20 4 -25 0.006
25 4 -25 0.0049
30 4 -25 -0.0058
35 4 -25 -0.0204
40 4 -25 -0.0249
45 4 -25 -0.0409
50 4 -25 -0.0339
55 4 -25 -0.0298
60 4 -25 -0.0141
70 4 -25 0.0105
80 4 -25 0.0011
90 4 -25 -0.0047
-20 6 -25 -0.0037
-15 6 -25 0.0068
-10 6 -25 0.0127
-5 6 -25 0.0187
0 6 -25 0.0204
5 6 -25 0.0201
10 6 -25 0.0214
15 6 -25 0.0211
20 6 -25 0.0138
25 6 -25 0.0087
30 6 -25 -0.0077
35 6 -25 -0.0265
40 6 -25 -0.0367
45 6 -25 -0.0495
50 6 -25 -0.0525
55 6 -25 -0.0421
60 6 -25 -0.0299
70 6 -25 0.011
80 6 -25 -0.0078
90 6 -25 -0.0094
-20 8 -25 0.0022
-15 8 -25 0.0148
-10 8 -25 0.0209
-5 8 -25 0.0288
0 8 -25 0.0298
5 8 -25 0.0292
10 8 -25 0.0298
15 8 -25 0.0292
20 8 -25 0.02
25 8 -25 0.0134
30 8 -25 -0.0098
35 8 -25 -0.0354
40 8 -25 -0.0466
45 8 -25 -0.0633
50 8 -25 -0.0703
55 8 -25 -0.0461
60 8 -25 -0.0413
70 8 -25 0.0055
80 8 -25 -0.0093
90 8 -25 -0.0093
-20 10 -25 0.0089
-15 10 -25 0.0197
-10 10 -25 0.0284
-5 10 -25 0.039
0 10 -25 0.0389
5 10 -25 0.0374
10 10 -25 0.038
15 10 -25 0.036
20 10 -25 0.0249
25 10 -25 0.0159
30 10 -25 -0.0123
35 10 -25 -0.0548
40 10 -25 -0.0626
45 10 -25 -0.0751
50 10 -25 -0.0872
55 10 -25 -0.0451
60 10 -25 -0.0419
70 10 -25 -0.001
80 10 -25 -0.0078
90 10 -25 -0.0097
-20 15 -25 0.0334
-15 15 -25 0.03
-10 15 -25 0.0437
-5 15 -25 0.0514
0 15 -25 0.0543
5 15 -25 0.0544
10 15 -25 0.0501
15 15 -25 0.0468
20 15 -25 0.0265
25 15 -25 0.0134
30 15 -25 -0.0222
35 15 -25 -0.0712
40 15 -25 -0.0896
45 15 -25 -0.0953
50 15 -25 -0.0777
55 15 -25 -0.0532
60 15 -25 -0.0461
70 15 -25 -0.0128
80 15 -25 -0.0099
90 15 -25 -0.0034
-20 20 -25 0.048
-15 20 -25 0.047
-10 20 -25 0.0536
-5 20 -25 0.0678
0 20 -25 0.0702
5 20 -25 0.0712
10 20 -25 0.0657
15 20 -25 0.0497
20 20 -25 0.028
25 20 -25 0.0164
30 20 -25 -0.0226
35 20 -25 -0.0578
40 20 -25 -0.0861
45 20 -25 -0.0757
50 20 -25 -0.0468
55 20 -25 -0.071
60 20 -25 -0.0556
70 20 -25 -0.0201
80 20 -25 -0.0141
90 20 -25 -0.0068
-20 25 -25 0.0582
-15 25 -25 0.0599
-10 25 -25 0.063
-5 25 -25 0.0798
0 25 -25 0.0887
5 25 -25 0.0849
10 25 -25 0.0787
15 25 -25 0.0635
20 25 -25 0.0499
25 25 -25 0.0349
30 25 -25 0.0047
35 25 -25 -0.0318
40 25 -25 -0.0259
45 25 -25 -0.0389
50 25 -25 -0.0301
55 25 -25 -0.0283
60 25 -25 -0.0253
70 25 -25 -0.0279
80 25 -25 -0.0216
90 25 -25 -0.0155
-20 30 -25 0.0547
-15 30 -25 0.0638
-10 30 -25 0.0718
-5 30 -25 0.0884
0 30 -25 0.103
5 30 -25 0.1066
10 30 -25 0.1007
15 30 -25 0.0897
20 30 -25 0.0666
25 30 -25 0.0489
30 30 -25 0.0409
35 30 -25 0.0027
40 30 -25 -0.0055
45 30 -25 -0.0244
50 30 -25 -0.0204
55 30 -25 -0.0163
60 30 -25 -0.0132
70 30 -25 -0.0235
80 30 -25 -0.0215
90 30 -25 -0.0273
-20 -30 0 -0.0538
-15 -30 0 -0.0562
-10 -30 0 -0.0672
-5 -30 0 -0.09
0 -30 0 -0.1052
5 -30 0 -0.1068
10 -30 0 -0.0981
15 -30 0 -0.0821
20 -30 0 -0.0653
25 -30 0 -0.0525
30 -30 0 -0.0302
35 -30 0 -0.0167
40 -30 0 -0.0171
45 -30 0 -0.0186
50 -30 0 -0.0351
55 -30 0 -0.0475
60 -30 0 -0.0361
70 -30 0 0.0257
80 -30 0 0.0253
90 -30 0 0.0283
-20 -25 0 -0.0575
-15 -25 0 -0.0528
-10 -25 0 -0.0643
-5 -25 0 -0.081
0 -25 0 -0.091
5 -25 0 -0.091
10 -25 0 -0.0798
15 -25 0 -0.0601
20 -25 0 -0.046
25 -25 0 -0.0408
30 -25 0 0
35 -25 0 0.0099
40 -25 0 -0.0092
45 -25 0 -0.0065
50 -25 0 -0.0231
55 -25 0 -0.0401
60 -25 0 -0.0248
70 -25 0 0.0277
80 -25 0 0.034
90 -25 0 0.0137
-20 -20 0 -0.0483
-15 -20 0 -0.0457
-10 -20 0 -0.0551
-5 -20 0 -0.0662
0 -20 0 -0.0743
5 -20 0 -0.0748
10 -20 0 -0.0718
15 -20 0 -0.0546
20 -20 0 -0.0259
25 -20 0 -0.022
30 -20 0 0.0113
35 -20 0 0.0323
40 -20 0 0.0537
45 -20 0 0.0219
50 -20 0 -0.0037
55 -20 0 -0.0043
60 -20 0 0.0038
70 -20 0 0.0171
80 -20 0 0.0243
90 -20 0 0.0127
-20 -15 0 -0.0393
-15 -15 0 -0.0334
-10 -15 0 -0.0474
-5 -15 0 -0.0521
0 -15 0 -0.0572
5 -15 0 -0.0581
10 -15 0 -0.0568
15 -15 0 -0.0522
20 -15 0 -0.029
25 -15 0 -0.0226
30 -15 0 0.0162
35 -15 0 0.0445
40 -15 0 0.0598
45 -15 0 0.0537
50 -15 0 0.0192
55 -15 0 -0.0033
60 -15 0 -0.0093
70 -15 0 0.0053
80 -15 0 0.0169
90 -15 0 0.0068
-20 -10 0 -0.0206
-15 -10 0 -0.0249
-10 -10 0 -0.0303
-5 -10 0 -0.0364
0 -10 0 -0.0407
5 -10 0 -0.0409
10 -10 0 -0.0416
15 -10 0 -0.0384
20 -10 0 -0.0277
25 -10 0 -0.0237
30 -10 0 0.0089
35 -10 0 0.0327
40 -10 0 0.036
45 -10 0 0.0376
50 -10 0 0.0159
55 -10 0 -0.0133
60 -10 0 -0.0234
70 -10 0 -0.0036
80 -10 0 0.0122
90 -10 0 0.006
-20 -8 0 -0.0132
-15 -8 0 -0.018
-10 -8 0 -0.0239
-5 -8 0 -0.0275
0 -8 0 -0.0311
5 -8 0 -0.0323
10 -8 0 -0.0326
15 -8 0 -0.031
20 -8 0 -0.0231
25 -8 0 -0.0185
30 -8 0 -0.0039
35 -8 0 0.0271
40 -8 0 0.0205
45 -8 0 0.0294
50 -8 0 0.0136
55 -8 0 -0.0146
60 -8 0 -0.0273
70 -8 0 -0.0101
80 -8 0 0.0115
90 -8 0 0.0053
-20 -6 0 -0.0062
-15 -6 0 -0.0128
-10 -6 0 -0.0151
-5 -6 0 -0.0192
0 -6 0 -0.022
5 -6 0 -0.0221
10 -6 0 -0.0232
15 -6 0 -0.0221
20 -6 0 -0.0148
25 -6 0 -0.0126
30 -6 0 -0.0026
35 -6 0 0.0094
40 -6 0 0.0061
45 -6 0 0.0218
50 -6 0 0.0138
55 -6 0 -0.0196
60 -6 0 -0.0347
70 -6 0 -0.0167
80 -6 0 0.0096
90 -6 0 0.004
-20 -4 0 0.0001
-15 -4 0 -0.0058
-10 -4 0 -0.0085
-5 -4 0 -0.0115
0 -4 0 -0.0132
5 -4 0 -0.0139
10 -4 0 -0.0146
15 -4 0 -0.013
20 -4 0 -0.0071
25 -4 0 -0.0069
30 -4 0 0.0007
35 -4 0 0.0034
40 -4 0 -0.0015
45 -4 0 0.0126
50 -4 0 0.001
55 -4 0 -0.0243
60 -4 0 -0.0392
70 -4 0 -0.0232
80 -4 0 0.0068
90 -4 0 0.0036
-20 -2 0 0.0015
-15 -2 0 -0.0019
-10 -2 0 -0.0037
-5 -2 0 -0.0053
0 -2 0 -0.006
5 -2 0 -0.0058
10 -2 0 -0.0062
15 -2 0 -0.0061
20 -2 0 -0.0011
25 -2 0 -0.0026
30 -2 0 0.0023
35 -2 0 0
40 -2 0 -0.0094
45 -2 0 0.0041
50 -2 0 -0.0017
55 -2 0 -0.013
60 -2 0 -0.0252
70 -2 0 -0.0226
80 -2 0 0.0044
90 -2 0 0.0026
-20 0 0 0.0013
-15 0 0 -0.0001
-10 0 0 -0.0006
-5 0 0 0.0002
0 0 0 0.0006
5 0 0 0.0006
10 0 0 0
15 0 0 -0.0009
20 0 0 0.0031
25 0 0 0.0003
30 0 0 -0.0002
35 0 0 -0.0069
40 0 0 -0.0146
45 0 0 -0.0075
50 0 0 -0.0095
55 0 0 -0.0173
60 0 0 -0.0173
70 0 0 -0.0039
80 0 0 -0.0011
90 0 0 0.0009
-20 2 0 0.0004
-15 2 0 0.0024
-10 2 0 0.0022
-5 2 0 0.0065
0 2 0 0.0067
5 2 0 0.0067
10 2 0 0.0063
15 2 0 0.0054
20 2 0 0.0049
25 2 0 0.0036
30 2 0 -0.0031
35 2 0 -0.0166
40 2 0 -0.0217
45 2 0 -0.0312
50 2 0 -0.0158
55 2 0 -0.0145
60 2 0 -0.0098
70 2 0 0
80 2 0 -0.0012
90 2 0 -0.0009
-20 4 0 0.0025
-15 4 0 0.0057
-10 4 0 0.0069
-5 4 0 0.0129
0 4 0 0.0141
5 4 0 0.0154
10 4 0 0.0147
15 4 0 0.0132
20 4 0 0.0099
25 4 0 0.0091
30 4 0 -0.0025
35 4 0 -0.0216
40 4 0 -0.0282
45 4 0 -0.045
50 4 0 -0.0312
55 4 0 -0.0231
60 4 0 -0.007
70 4 0 0.0112
80 4 0 0.0049
90 4 0 -0.0014
-20 6 0 0.0072
-15 6 0 0.011
-10 6 0 0.0144
-5 6 0 0.0216
0 6 0 0.0231
5 6 0 0.0237
10 6 0 0.024
15 6 0 0.0234
20 6 0 0.0183
25 6 0 0.015
30 6 0 -0.0015
35 6 0 -0.0226
40 6 0 -0.0362
45 6 0 -0.0535
50 6 0 -0.045
55 6 0 -0.0345
60 6 0 -0.013
70 6 0 0.0124
80 6 0 -0.0044
90 6 0 -0.0022
-20 8 0 0.0112
-15 8 0 0.0179
-10 8 0 0.0215
-5 8 0 0.0299
0 8 0 0.033
5 8 0 0.0341
10 8 0 0.0332
15 8 0 0.0325
20 8 0 0.0264
25 8 0 0.0219
30 8 0 -0.0005
35 8 0 -0.0258
40 8 0 -0.0475
45 8 0 -0.064
50 8 0 -0.0551
55 8 0 -0.0412
60 8 0 -0.0186
70 8 0 0.0077
80 8 0 -0.008
90 8 0 -0.0039
-20 10 0 0.0154
-15 10 0 0.0237
-10 10 0 0.0296
-5 10 0 0.04
0 10 0 0.042
5 10 0 0.0427
10 10 0 0.0427
15 10 0 0.0395
20 10 0 0.0327
25 10 0 0.0261
30 10 0 -0.0021
35 10 0 -0.0364
40 10 0 -0.0586
45 10 0 -0.0769
50 10 0 -0.0643
55 10 0 -0.0431
60 10 0 -0.0192
70 10 0 0.002
80 10 0 -0.0086
90 10 0 -0.0039
-20 15 0 0.0346
-15 15 0 0.0329
-10 15 0 0.0468
-5 15 0 0.0555
0 15 0 0.0585
5 15 0 0.06
10 15 0 0.0579
15 15 0 0.0532
20 15 0 0.034
25 15 0 0.0254
30 15 0 -0.0099
35 15 0 -0.0484
40 15 0 -0.0823
45 15 0 -0.0922
50 15 0 -0.0669
55 15 0 -0.0534
60 15 0 -0.0329
70 15 0 -0.0062
80 15 0 -0.0141
90 15 0 -0.0045
-20 20 0 0.0438
-15 20 0 0.0449
-10 20 0 0.0546
-5 20 0 0.0695
0 20 0 0.0752
5 20 0 0.0768
10 20 0 0.0727
15 20 0 0.0557
20 20 0 0.031
25 20 0 0.0245
30 20 0 -0.0044
35 20 0 -0.036
40 20 0 -0.0768
45 20 0 -0.0605
50 20 0 -0.0441
55 20 0 -0.0528
60 20 0 -0.0457
70 20 0 -0.018
80 20 0 -0.0209
90 20 0 -0.0102
-20 25 0 0.0529
-15 25 0 0.052
-10 25 0 0.064
-5 25 0 0.0845
0 25 0 0.092
5 25 0 0.092
10 25 0 0.0809
15 25 0 0.0613
20 25 0 0.051
25 25 0 0.0432
30 25 0 0.0067
35 25 0 -0.0137
40 25 0 -0.0134
45 25 0 -0.0321
50 25 0 -0.0256
55 25 0 -0.0159
60 25 0 -0.0169
70 25 0 -0.0285
80 25 0 -0.0253
90 25 0 -0.0112
-20 30 0 0.049
-15 30 0 0.0552
-10 30 0 0.0668
-5 30 0 0.0935
0 30 0 0.1061
5 30 0 0.1085
10 30 0 0.0995
15 30 0 0.0831
20 30 0 0.0705
25 30 0 0.055
30 30 0 0.0368
35 30 0 0.0125
40 30 0 0.0056
45 30 0 -0.0201
50 30 0 -0.0141
55 30 0 -0.01
60 30 0 -0.0063
70 30 0 -0.0267
80 30 0 -0.022
90 30 0 -0.0154
-20 -30 25 -0.0479
-15 -30 25 -0.0491
-10 -30 25 -0.0571
-5 -30 25 -0.075
0 -30 25 -0.0913
5 -30 25 -0.085
10 -30 25 -0.0808
15 -30 25 -0.0665
20 -30 25 -0.0353
25 -30 25 -0.0265
30 -30 25 -0.011
35 -30 25 -0.0049
40 -30 25 -0.0141
45 -30 25 -0.0213
50 -30 25 -0.0308
55 -30 25 -0.0708
60 -30 25 -0.046
70 -30 25 0.0118
80 -30 25 0.0082
90 -30 25 0.0089
-20 -25 25 -0.0506
-15 -25 25 -0.0455
-10 -25 25 -0.0531
-5 -25 25 -0.0706
0 -25 25 -0.0812
5 -25 25 -0.0739
10 -25 25 -0.071
15 -25 25 -0.051
20 -25 25 -0.031
25 -25 25 -0.0202
30 -25 25 0.0148
35 -25 25 0.0215
40 -25 25 -0.0337
45 -25 25 -0.0071
50 -25 25 -0.0263
55 -25 25 -0.0625
60 -25 25 -0.0397
70 -25 25 0.023
80 -25 25 0.0158
90 -25 25 0.0072
-20 -20 25 -0.0433
-15 -20 25 -0.0394
-10 -20 25 -0.0474
-5 -20 25 -0.0609
0 -20 25 -0.0688
5 -20 25 -0.0649
10 -20 25 -0.064
15 -20 25 -0.048
20 -20 25 -0.0192
25 -20 25 -0.0124
30 -20 25 0.0279
35 -20 25 0.0432
40 -20 25 0.0554
45 -20 25 0.0162
50 -20 25 -0.0166
55 -20 25 -0.0243
60 -20 25 -0.0148
70 -20 25 0.0212
80 -20 25 0.0158
90 -20 25 0.0088
-20 -15 25 -0.0419
-15 -15 25 -0.0316
-10 -15 25 -0.0421
-5 -15 25 -0.0499
0 -15 25 -0.0554
5 -15 25 -0.0521
10 -15 25 -0.0521
15 -15 25 -0.049
20 -15 25 -0.0239
25 -15 25 -0.014
30 -15 25 0.0248
35 -15 25 0.0483
40 -15 25 0.0644
45 -15 25 0.0505
50 -15 25 0.0082
55 -15 25 -0.0497
60 -15 25 -0.0327
70 -15 25 0.0077
80 -15 25 0.0093
90 -15 25 0.0007
-20 -10 25 -0.0206
-15 -10 25 -0.0193
-10 -10 25 -0.0274
-5 -10 25 -0.036
0 -10 25 -0.0396
5 -10 25 -0.0396
10 -10 25 -0.039
15 -10 25 -0.0351
20 -10 25 -0.0266
25 -10 25 -0.0211
30 -10 25 0.0117
35 -10 25 0.0363
40 -10 25 0.039
45 -10 25 0.0391
50 -10 25 0.0221
55 -10 25 -0.0421
60 -10 25 -0.0327
70 -10 25 -0.005
80 -10 25 0.0057
90 -10 25 0.0031
-20 -8 25 -0.0127
-15 -8 25 -0.0146
-10 -8 25 -0.0205
-5 -8 25 -0.0282
0 -8 25 -0.0305
5 -8 25 -0.0312
10 -8 25 -0.0315
15 -8 25 -0.0283
20 -8 25 -0.0225
25 -8 25 -0.0188
30 -8 25 -0.006
35 -8 25 0.0315
40 -8 25 0.0228
45 -8 25 0.0299
50 -8 25 0.0218
55 -8 25 -0.0298
60 -8 25 -0.0328
70 -8 25 -0.0079
80 -8 25 0.0072
90 -8 25 0.0024
-20 -6 25 -0.0037
-15 -6 25 -0.0087
-10 -6 25 -0.0131
-5 -6 25 -0.02
0 -6 25 -0.0217
5 -6 25 -0.0213
10 -6 25 -0.022
15 -6 25 -0.0189
20 -6 25 -0.0138
25 -6 25 -0.0151
30 -6 25 -0.0057
35 -6 25 0.0126
40 -6 25 0.0108
45 -6 25 0.0224
50 -6 25 0.0239
55 -6 25 -0.0212
60 -6 25 -0.0363
70 -6 25 -0.0108
80 -6 25 0.0075
90 -6 25 0.0012
-20 -4 25 -0.0009
-15 -4 25 -0.0021
-10 -4 25 -0.007
-5 -4 25 -0.012
0 -4 25 -0.0135
5 -4 25 -0.0117
10 -4 25 -0.0122
15 -4 25 -0.0101
20 -4 25 -0.0046
25 -4 25 -0.0081
30 -4 25 -0.0014
35 -4 25 0.0032
40 -4 25 0.0025
45 -4 25 0.0124
50 -4 25 0.01
55 -4 25 -0.0206
60 -4 25 -0.0393
70 -4 25 -0.0172
80 -4 25 0.0057
90 -4 25 0.0006
-20 -2 25 0.001
-15 -2 25 -0.0005
-10 -2 25 -0.0022
-5 -2 25 -0.0053
0 -2 25 -0.0059
5 -2 25 -0.0037
10 -2 25 -0.0048
15 -2 25 -0.0042
20 -2 25 0.001
25 -2 25 -0.0025
30 -2 25 0.0015
35 -2 25 0.0002
40 -2 25 -0.0071
45 -2 25 0.0025
50 -2 25 0.0031
55 -2 25 -0.0125
60 -2 25 -0.0261
70 -2 25 -0.0199
80 -2 25 0.0032
90 -2 25 -0.0008
-20 0 25 0.0009
-15 0 25 0.0008
-10 0 25 0.0003
-5 0 25 0.0008
0 0 25 0.0006
5 0 25 0.001
10 0 25 0.0013
15 0 25 0.0006
20 0 25 0.0045
25 0 25 0.0008
30 0 25 0.0006
35 0 25 -0.0067
40 0 25 -0.0144
45 0 25 -0.0064
50 0 25 -0.0089
55 0 25 -0.019
60 0 25 -0.019
70 0 25 -0.004
80 0 25 -0.0024
90 0 25 -0.0029
-20 2 25 0.0004
-15 2 25 0.0013
-10 2 25 0.0021
-5 2 25 0.0072
0 2 25 0.0075
5 2 25 0.0052
10 2 25 0.0062
15 2 25 0.0044
20 2 25 0.0073
25 2 25 0.0051
30 2 25 -0.0004
35 2 25 -0.0153
40 2 25 -0.0228
45 2 25 -0.0316
50 2 25 -0.0147
55 2 25 -0.0216
60 2 25 -0.0097
70 2 25 -0.0079
80 2 25 -0.0034
90 2 25 -0.0031
-20 4 25 0.0006
-15 4 25 0.0039
-10 4 25 0.0078
-5 4 25 0.0147
0 4 25 0.0153
5 4 25 0.0134
10 4 25 0.0139
15 4 25 0.0114
20 4 25 0.0097
25 4 25 0.0111
30 4 25 0
35 4 25 -0.0193
40 4 25 -0.0291
45 4 25 -0.0467
50 4 25 -0.034
55 4 25 -0.0275
60 4 25 -0.0052
70 4 25 0.007
80 4 25 0.0018
90 4 25 -0.0021
-20 6 25 0.0057
-15 6 25 0.0101
-10 6 25 0.0143
-5 6 25 0.023
0 6 25 0.0236
5 6 25 0.0231
10 6 25 0.0231
15 6 25 0.0214
20 6 25 0.0223
25 6 25 0.0187
30 6 25 0.0024
35 6 25 -0.0221
40 6 25 -0.0392
45 6 25 -0.0575
50 6 25 -0.0497
55 6 25 -0.0413
60 6 25 -0.0123
70 6 25 0.0048
80 6 25 -0.0067
90 6 25 -0.0021
-20 8 25 0.0093
-15 8 25 0.0153
-10 8 25 0.0225
-5 8 25 0.0312
0 8 25 0.0325
5 8 25 0.0333
10 8 25 0.0323
15 8 25 0.0312
20 8 25 0.0313
25 8 25 0.0272
30 8 25 0.0045
35 8 25 -0.0248
40 8 25 -0.0506
45 8 25 -0.0685
50 8 25 -0.0632
55 8 25 -0.0447
60 8 25 -0.0218
70 8 25 0.0044
80 8 25 -0.0008
90 8 25 -0.0037
-20 10 25 0.0152
-15 10 25 0.0203
-10 10 25 0.028
-5 10 25 0.0407
0 10 25 0.0414
5 10 25 0.0425
10 10 25 0.0413
15 10 25 0.0387
20 10 25 0.0377
25 10 25 0.0319
30 10 25 0.0024
35 10 25 -0.0355
40 10 25 -0.0624
45 10 25 -0.0776
50 10 25 -0.0753
55 10 25 -0.0434
60 10 25 -0.0263
70 10 25 0.0029
80 10 25 -0.0059
90 10 25 -0.0037
-20 15 25 0.0365
-15 15 25 0.0327
-10 15 25 0.0424
-5 15 25 0.0544
0 15 25 0.0571
5 15 25 0.0577
10 15 25 0.0544
15 15 25 0.0516
20 15 25 0.035
25 15 25 0.0247
30 15 25 -0.0105
35 15 25 -0.0523
40 15 25 -0.0877
45 15 25 -0.0868
50 15 25 -0.0619
55 15 25 -0.0361
60 15 25 -0.0262
70 15 25 -0.0099
80 15 25 -0.0136
90 15 25 -0.0015
-20 20 25 0.0378
-15 20 25 0.0406
-10 20 25 0.0479
-5 20 25 0.0653
0 20 25 0.0702
5 20 25 0.0704
10 20 25 0.0662
15 20 25 0.0505
20 20 25 0.0304
25 20 25 0.0232
30 20 25 -0.014
35 20 25 -0.0469
40 20 25 -0.0785
45 20 25 -0.0544
50 20 25 -0.0381
55 20 25 -0.0614
60 20 25 -0.0444
70 20 25 -0.0231
80 20 25 -0.0159
90 20 25 -0.0097
-20 25 25 0.045
-15 25 25 0.0467
-10 25 25 0.0537
-5 25 25 0.075
0 25 25 0.083
5 25 25 0.0796
10 25 25 0.0731
15 25 25 0.0538
20 25 25 0.0419
25 25 25 0.031
30 25 25 -0.0006
35 25 25 -0.0252
40 25 25 -0.0196
45 25 25 -0.0311
50 25 25 -0.0276
55 25 25 -0.0232
60 25 25 -0.0198
70 25 25 -0.0249
80 25 25 -0.0159
90 25 25 -0.0083
-20 30 25 0.0434
-15 30 25 0.05
-10 30 25 0.0575
-5 30 25 0.0795
0 30 25 0.093
5 30 25 0.0902
10 30 25 0.0827
15 30 25 0.069
20 30 25 0.0462
25 30 25 0.037
30 30 25 0.025
35 30 25 0.0004
40 30 25 -0.0093
45 30 25 -0.0271
50 30 25 -0.024
55 30 25 -0.0159
60 30 25 -0.0134
70 30 25 -0.0144
80 30 25 -0.0082
90 30 25 -0.0101
