alpha beta Cn_a20
-20 -30 -0.0626
-15 -30 -0.062
-10 -30 -0.0685
-5 -30 -0.1078
0 -30 -0.1228
5 -30 -0.1239
10 -30 -0.1118
15 -30 -0.0976
20 -30 -0.0639
25 -30 -0.035
30 -30 -0.0189
35 -30 0.0001
40 -30 -0.009
45 -30 -0.0029
50 -30 -0.0204
55 -30 -0.0273
60 -30 -0.0126
70 -30 0.0431
80 -30 0.0399
90 -30 0.0329
-20 -25 -0.0615
-15 -25 -0.0555
-10 -25 -0.0605
-5 -25 -0.0992
0 -25 -0.1088
5 -25 -0.1094
10 -25 -0.102
15 -25 -0.0816
20 -25 -0.053
25 -25 -0.0313
30 -25 0.0089
35 -25 0.0288
40 -25 0.0176
45 -25 0.0066
50 -25 -0.0138
55 -25 -0.0297
60 -25 -0.0181
70 -25 0.0387
80 -25 0.0403
90 -25 0.0296
-20 -20 -0.0603
-15 -20 -0.0491
-10 -20 -0.055
-5 -20 -0.0836
0 -20 -0.0909
5 -20 -0.0933
10 -20 -0.0894
15 -20 -0.0746
20 -20 -0.0474
25 -20 -0.0198
30 -20 0.0228
35 -20 0.0479
40 -20 0.0685
45 -20 0.0329
50 -20 0.0062
55 -20 0.0083
60 -20 0.0108
70 -20 0.0269
80 -20 0.0357
90 -20 0.0246
-20 -15 -0.0537
-15 -15 -0.0385
-10 -15 -0.0471
-5 -15 -0.0675
0 -15 -0.0715
5 -15 -0.0724
10 -15 -0.069
15 -15 -0.0637
20 -15 -0.0441
25 -15 -0.024
30 -15 0.0194
35 -15 0.0589
40 -15 0.0735
45 -15 0.0567
50 -15 0.029
55 -15 0.013
60 -15 0.0084
70 -15 0.0262
80 -15 0.0303
90 -15 0.0174
-20 -10 -0.0346
-15 -10 -0.0337
-10 -10 -0.0402
-5 -10 -0.0458
0 -10 -0.0492
5 -10 -0.049
10 -10 -0.0486
15 -10 -0.0481
20 -10 -0.0327
25 -10 -0.0172
30 -10 0.013
35 -10 0.0399
40 -10 0.0417
45 -10 0.0438
50 -10 0.0291
55 -10 0.0064
60 -10 -0.0008
70 -10 0.0214
80 -10 0.024
90 -10 0.0174
-20 -8 -0.0254
-15 -8 -0.028
-10 -8 -0.0328
-5 -8 -0.0396
0 -8 -0.0442
5 -8 -0.0434
10 -8 -0.044
15 -8 -0.0425
20 -8 -0.0238
25 -8 -0.0127
30 -8 0.0024
35 -8 0.0314
40 -8 0.0249
45 -8 0.0341
50 -8 0.0262
55 -8 0.006
60 -8 -0.0004
70 -8 0.0147
80 -8 0.0237
90 -8 0.0162
-20 -6 -0.0175
-15 -6 -0.0233
-10 -6 -0.026
-5 -6 -0.0319
0 -6 -0.0371
5 -6 -0.0354
10 -6 -0.0349
15 -6 -0.0388
20 -6 -0.0167
25 -6 -0.0076
30 -6 0.0019
35 -6 0.015
40 -6 0.0125
45 -6 0.0244
50 -6 0.0187
55 -6 -0.0007
60 -6 -0.0058
70 -6 0.0121
80 -6 0.0222
90 -6 0.016
-20 -4 -0.0106
-15 -4 -0.0175
-10 -4 -0.0199
-5 -4 -0.0246
0 -4 -0.0271
5 -4 -0.0259
10 -4 -0.0267
15 -4 -0.0243
20 -4 -0.008
25 -4 -0.0034
30 -4 0.0054
35 -4 0.0109
40 -4 0.0041
45 -4 0.0177
50 -4 0.0134
55 -4 -0.0041
60 -4 -0.0081
70 -4 0.0167
80 -4 0.0173
90 -4 0.0164
-20 -2 -0.008
-15 -2 -0.0138
-10 -2 -0.0145
-5 -2 -0.0174
0 -2 -0.0187
5 -2 -0.017
10 -2 -0.0171
15 -2 -0.0145
20 -2 0.0002
25 -2 0.0015
30 -2 0.008
35 -2 0.0069
40 -2 -0.0019
45 -2 0.0089
50 -2 0.0101
55 -2 0.002
60 -2 0.0034
70 -2 0.0151
80 -2 0.0145
90 -2 0.0147
-20 0 -0.0076
-15 0 -0.0099
-10 0 -0.0097
-5 0 -0.0109
0 0 -0.0114
5 0 -0.0099
10 0 -0.009
15 0 -0.0075
20 0 0.0032
25 0 0.0048
30 0 0.0063
35 0 0.003
40 0 -0.0102
45 0 0.0022
50 0 0.0035
55 0 -0.0006
60 0 0.0009
70 0 0.0115
80 0 0.0127
90 0 0.0134
-20 2 -0.0068
-15 2 -0.0067
-10 2 -0.0061
-5 2 -0.0052
0 2 -0.005
5 2 -0.0031
10 2 -0.002
15 2 -0.0012
20 2 0.0046
25 2 0.0075
30 2 0.0037
35 2 -0.0058
40 2 -0.0155
45 2 -0.0137
50 2 -0.0024
55 2 0.0002
60 2 0.0063
70 2 0.0206
80 2 0.0143
90 2 0.0122
-20 4 -0.0058
-15 4 -0.0043
-10 4 -0.0013
-5 4 0.001
0 4 0.0021
5 4 0.003
10 4 0.0047
15 4 0.006
20 4 0.0083
25 4 0.0109
30 4 0.002
35 4 -0.0121
40 4 -0.0206
45 4 -0.0358
50 4 -0.0235
55 4 -0.0148
60 4 0.0022
70 4 0.0177
80 4 0.0122
90 4 0.0119
-20 6 -0.003
-15 6 0.0001
-10 6 0.0041
-5 6 0.0076
0 6 0.0098
5 6 0.0115
10 6 0.0132
15 6 0.0149
20 6 0.0152
25 6 0.0162
30 6 0.0028
35 6 -0.0151
40 6 -0.0277
45 6 -0.0461
50 6 -0.0306
55 6 -0.0215
60 6 -0.0015
70 6 0.0244
80 6 0.009
90 6 0.011
-20 8 0.0009
-15 8 0.0087
-10 8 0.0114
-5 8 0.0161
0 8 0.0181
5 8 0.02
10 8 0.022
15 8 0.0222
20 8 0.0235
25 8 0.022
30 8 0.0053
35 8 -0.0167
40 8 -0.037
45 8 -0.055
50 8 -0.0293
55 8 -0.0233
60 8 -0.0061
70 8 0.0179
80 8 0.0064
90 8 0.011
-20 10 0.0033
-15 10 0.0133
-10 10 0.018
-5 10 0.0248
0 10 0.0274
5 10 0.0291
10 10 0.0318
15 10 0.0319
20 10 0.0304
25 10 0.028
30 10 0.0043
35 10 -0.0243
40 10 -0.0474
45 10 -0.0658
50 10 -0.0547
55 10 -0.0356
60 10 -0.0134
70 10 0.0117
80 10 0.007
90 10 0.0126
-20 15 0.0224
-15 15 0.0181
-10 15 0.0249
-5 15 0.0465
0 15 0.0497
5 15 0.0525
10 15 0.0522
15 15 0.0475
20 15 0.0418
25 15 0.0348
30 15 -0.0021
35 15 -0.0433
40 15 -0.0792
45 15 -0.0787
50 15 -0.0546
55 15 -0.0422
60 15 -0.0226
70 15 0.0069
80 15 0.0007
90 15 0.0126
-20 20 0.029
-15 20 0.0287
-10 20 0.0328
-5 20 0.0626
0 20 0.0691
5 20 0.0734
10 20 0.0726
15 20 0.0584
20 20 0.0451
25 20 0.0306
30 20 -0.0055
35 20 -0.0323
40 20 -0.0724
45 20 -0.0549
50 20 -0.0318
55 20 -0.0375
60 20 -0.025
70 20 0.0062
80 20 -0.0047
90 20 0.0054
-20 25 0.0302
-15 25 0.0351
-10 25 0.0383
-5 25 0.0782
0 25 0.087
5 25 0.0895
10 25 0.0852
15 25 0.0654
20 25 0.0507
25 25 0.0421
30 25 0.0084
35 25 -0.0132
40 25 -0.0233
45 25 -0.0286
50 25 -0.0118
55 25 0.0005
60 25 0.0039
70 25 -0.0056
80 25 -0.0093
90 25 0.0004
-20 30 0.0313
-15 30 0.0416
-10 30 0.0463
-5 30 0.0868
0 30 0.101
5 30 0.104
10 30 0.095
15 30 0.0814
20 30 0.0616
25 30 0.0458
30 30 0.0362
35 30 0.0155
40 30 0.0033
45 30 -0.0191
50 30 -0.0052
55 30 -0.0019
60 30 -0.0016
70 30 -0.01
80 30 -0.0089
90 30 -0.0029
