alpha beta ele Cx
-20 -30 -25 -0.1837
-15 -30 -25 -0.1714
-10 -30 -25 -0.1531
-5 -30 -25 -0.1151
0 -30 -25 -0.0907
5 -30 -25 -0.0514
10 -30 -25 -0.0079
15 -30 -25 0.0354
20 -30 -25 0.074
25 -30 -25 0.1092
30 -30 -25 0.0915
35 -30 -25 0.1079
40 -30 -25 0.1306
45 -30 -25 0.1535
50 -30 -25 0.1471
55 -30 -25 0.1554
60 -30 -25 0.1501
70 -30 -25 0.1501
80 -30 -25 0.1685
90 -30 -25 0.1712
-20 -25 -25 -0.1853
-15 -25 -25 -0.1765
-10 -25 -25 -0.1627
-5 -25 -25 -0.1232
0 -25 -25 -0.0985
5 -25 -25 -0.0567
10 -25 -25 -0.0108
15 -25 -25 0.0358
20 -25 -25 0.0756
25 -25 -25 0.1124
30 -25 -25 0.101
35 -25 -25 0.1137
40 -25 -25 0.1437
45 -25 -25 0.1603
50 -25 -25 0.1584
55 -25 -25 0.1615
60 -25 -25 0.1599
70 -25 -25 0.1536
80 -25 -25 0.1615
90 -25 -25 0.1651
-20 -20 -25 -0.1904
-15 -20 -25 -0.1792
-10 -20 -25 -0.1692
-5 -20 -25 -0.1276
0 -20 -25 -0.1043
5 -20 -25 -0.0603
10 -20 -25 -0.0099
15 -20 -25 0.0388
20 -20 -25 0.0746
25 -20 -25 0.1102
30 -20 -25 0.0975
35 -20 -25 0.1198
40 -20 -25 0.135
45 -20 -25 0.1605
50 -20 -25 0.1646
55 -20 -25 0.1568
60 -20 -25 0.1647
70 -20 -25 0.1569
80 -20 -25 0.1559
90 -20 -25 0.1608
-20 -15 -25 -0.1899
-15 -15 -25 -0.1827
-10 -15 -25 -0.1718
-5 -15 -25 -0.1317
0 -15 -25 -0.1093
5 -15 -25 -0.064
10 -15 -25 -0.0101
15 -15 -25 0.0402
20 -15 -25 0.0745
25 -15 -25 0.1067
30 -15 -25 0.1079
35 -15 -25 0.1278
40 -15 -25 0.1441
45 -15 -25 0.1604
50 -15 -25 0.1671
55 -15 -25 0.1661
60 -15 -25 0.1525
70 -15 -25 0.142
80 -15 -25 0.152
90 -15 -25 0.1648
-20 -10 -25 -0.1949
-15 -10 -25 -0.1816
-10 -10 -25 -0.1695
-5 -10 -25 -0.139
0 -10 -25 -0.112
5 -10 -25 -0.0653
10 -10 -25 -0.0074
15 -10 -25 0.0477
20 -10 -25 0.0867
25 -10 -25 0.1101
30 -10 -25 0.1188
35 -10 -25 0.1402
40 -10 -25 0.1574
45 -10 -25 0.1637
50 -10 -25 0.1712
55 -10 -25 0.1778
60 -10 -25 0.1664
70 -10 -25 0.1573
80 -10 -25 0.1521
90 -10 -25 0.1676
-20 -8 -25 -0.1914
-15 -8 -25 -0.1834
-10 -8 -25 -0.1693
-5 -8 -25 -0.1415
0 -8 -25 -0.1115
5 -8 -25 -0.0661
10 -8 -25 -0.007
15 -8 -25 0.0503
20 -8 -25 0.0888
25 -8 -25 0.1121
30 -8 -25 0.1333
35 -8 -25 0.1425
40 -8 -25 0.1585
45 -8 -25 0.1671
50 -8 -25 0.1712
55 -8 -25 0.1769
60 -8 -25 0.1662
70 -8 -25 0.1595
80 -8 -25 0.1521
90 -8 -25 0.166
-20 -6 -25 -0.1872
-15 -6 -25 -0.1852
-10 -6 -25 -0.1707
-5 -6 -25 -0.142
0 -6 -25 -0.1122
5 -6 -25 -0.0668
10 -6 -25 -0.0078
15 -6 -25 0.0535
20 -6 -25 0.0924
25 -6 -25 0.1126
30 -6 -25 0.1399
35 -6 -25 0.1478
40 -6 -25 0.1601
45 -6 -25 0.1664
50 -6 -25 0.1676
55 -6 -25 0.1765
60 -6 -25 0.1704
70 -6 -25 0.1788
80 -6 -25 0.1535
90 -6 -25 0.1686
-20 -4 -25 -0.186
-15 -4 -25 -0.1853
-10 -4 -25 -0.1735
-5 -4 -25 -0.1425
0 -4 -25 -0.1124
5 -4 -25 -0.0675
10 -4 -25 -0.009
15 -4 -25 0.0553
20 -4 -25 0.0941
25 -4 -25 0.1129
30 -4 -25 0.1422
35 -4 -25 0.157
40 -4 -25 0.1682
45 -4 -25 0.1639
50 -4 -25 0.1644
55 -4 -25 0.1749
60 -4 -25 0.171
70 -4 -25 0.1715
80 -4 -25 0.1585
90 -4 -25 0.1667
-20 -2 -25 -0.186
-15 -2 -25 -0.1877
-10 -2 -25 -0.1772
-5 -2 -25 -0.1437
0 -2 -25 -0.113
5 -2 -25 -0.069
10 -2 -25 -0.0116
15 -2 -25 0.0538
20 -2 -25 0.0948
25 -2 -25 0.1123
30 -2 -25 0.1443
35 -2 -25 0.1623
40 -2 -25 0.1726
45 -2 -25 0.1674
50 -2 -25 0.1656
55 -2 -25 0.1762
60 -2 -25 0.1719
70 -2 -25 0.1738
80 -2 -25 0.1566
90 -2 -25 0.1669
-20 0 -25 -0.1868
-15 0 -25 -0.1875
-10 0 -25 -0.1787
-5 0 -25 -0.1432
0 0 -25 -0.1132
5 0 -25 -0.0693
10 0 -25 -0.012
15 0 -25 0.0537
20 0 -25 0.0951
25 0 -25 0.1111
30 0 -25 0.1435
35 0 -25 0.1663
40 0 -25 0.1739
45 0 -25 0.1659
50 0 -25 0.1693
55 0 -25 0.1804
60 0 -25 0.1718
70 0 -25 0.1695
80 0 -25 0.1598
90 0 -25 0.166
-20 2 -25 -0.1899
-15 2 -25 -0.1898
-10 2 -25 -0.1769
-5 2 -25 -0.1425
0 2 -25 -0.1129
5 2 -25 -0.0686
10 2 -25 -0.0123
15 2 -25 0.0533
20 2 -25 0.0975
25 2 -25 0.1122
30 2 -25 0.1431
35 2 -25 0.1667
40 2 -25 0.1711
45 2 -25 0.1649
50 2 -25 0.1714
55 2 -25 0.1743
60 2 -25 0.1728
70 2 -25 0.171
80 2 -25 0.1573
90 2 -25 0.1672
-20 4 -25 -0.1902
-15 4 -25 -0.1876
-10 4 -25 -0.1729
-5 4 -25 -0.1422
0 4 -25 -0.1119
5 4 -25 -0.068
10 4 -25 -0.0106
15 4 -25 0.0536
20 4 -25 0.0939
25 4 -25 0.1125
30 4 -25 0.1407
35 4 -25 0.1664
40 4 -25 0.1699
45 4 -25 0.165
50 4 -25 0.1728
55 4 -25 0.1666
60 4 -25 0.173
70 4 -25 0.1712
80 4 -25 0.1563
90 4 -25 0.1662
-20 6 -25 -0.19
-15 6 -25 -0.1868
-10 6 -25 -0.1711
-5 6 -25 -0.141
0 6 -25 -0.111
5 6 -25 -0.0664
10 6 -25 -0.0088
15 6 -25 0.0527
20 6 -25 0.0913
25 6 -25 0.1136
30 6 -25 0.1379
35 6 -25 0.1637
40 6 -25 0.1655
45 6 -25 0.1625
50 6 -25 0.1749
55 6 -25 0.1677
60 6 -25 0.1734
70 6 -25 0.173
80 6 -25 0.1586
90 6 -25 0.1664
-20 8 -25 -0.1896
-15 8 -25 -0.1848
-10 8 -25 -0.1706
-5 8 -25 -0.1397
0 8 -25 -0.1102
5 8 -25 -0.065
10 8 -25 -0.0083
15 8 -25 0.0509
20 8 -25 0.0867
25 8 -25 0.1115
30 8 -25 0.1359
35 8 -25 0.156
40 8 -25 0.1611
45 8 -25 0.1597
50 8 -25 0.1725
55 8 -25 0.1724
60 8 -25 0.1721
70 8 -25 0.172
80 8 -25 0.1558
90 8 -25 0.1711
-20 10 -25 -0.1883
-15 10 -25 -0.1841
-10 10 -25 -0.1698
-5 10 -25 -0.1372
0 10 -25 -0.1092
5 10 -25 -0.0649
10 10 -25 -0.008
15 10 -25 0.0485
20 10 -25 0.0824
25 10 -25 0.1075
30 10 -25 0.1323
35 10 -25 0.146
40 10 -25 0.1567
45 10 -25 0.1573
50 10 -25 0.173
55 10 -25 0.1761
60 10 -25 0.1688
70 10 -25 0.1686
80 10 -25 0.1572
90 10 -25 0.1677
-20 15 -25 -0.1833
-15 15 -25 -0.1852
-10 15 -25 -0.1721
-5 15 -25 -0.1299
0 15 -25 -0.1065
5 15 -25 -0.0631
10 15 -25 -0.0107
15 15 -25 0.041
20 15 -25 0.0702
25 15 -25 0.1041
30 15 -25 0.1214
35 15 -25 0.1336
40 15 -25 0.1434
45 15 -25 0.154
50 15 -25 0.1537
55 15 -25 0.1722
60 15 -25 0.1471
70 15 -25 0.1474
80 15 -25 0.141
90 15 -25 0.1531
-20 20 -25 -0.1838
-15 20 -25 -0.1817
-10 20 -25 -0.1695
-5 20 -25 -0.1258
0 20 -25 -0.1015
5 20 -25 -0.0594
10 20 -25 -0.0105
15 20 -25 0.0396
20 20 -25 0.0703
25 20 -25 0.1076
30 20 -25 0.111
35 20 -25 0.1256
40 20 -25 0.1343
45 20 -25 0.1541
50 20 -25 0.1457
55 20 -25 0.1347
60 20 -25 0.1462
70 20 -25 0.1567
80 20 -25 0.141
90 20 -25 0.1493
-20 25 -25 -0.1787
-15 25 -25 -0.179
-10 25 -25 -0.163
-5 25 -25 -0.1214
0 25 -25 -0.0957
5 25 -25 -0.0558
10 25 -25 -0.0114
15 25 -25 0.0366
20 25 -25 0.0713
25 25 -25 0.1098
30 25 -25 0.1145
35 25 -25 0.1195
40 25 -25 0.143
45 25 -25 0.1539
50 25 -25 0.1435
55 25 -25 0.1448
60 25 -25 0.1486
70 25 -25 0.1557
80 25 -25 0.1467
90 25 -25 0.1549
-20 30 -25 -0.1771
-15 30 -25 -0.1739
-10 30 -25 -0.1534
-5 30 -25 -0.1133
0 30 -25 -0.0879
5 30 -25 -0.0505
10 30 -25 -0.0085
15 30 -25 0.0362
20 30 -25 0.0697
25 30 -25 0.1066
30 30 -25 0.105
35 30 -25 0.1137
40 30 -25 0.1299
45 30 -25 0.1471
50 30 -25 0.1362
55 30 -25 0.1442
60 30 -25 0.146
70 30 -25 0.1545
80 30 -25 0.1538
90 30 -25 0.1624
-20 -30 -10 -0.1362
-15 -30 -10 -0.1216
-10 -30 -10 -0.1018
-5 -30 -10 -0.0655
0 -30 -10 -0.0483
5 -30 -10 -0.0118
10 -30 -10 0.0268
15 -30 -10 0.0735
20 -30 -10 0.1222
25 -30 -10 0.1374
30 -30 -10 0.1056
35 -30 -10 0.1075
40 -30 -10 0.1335
45 -30 -10 0.1521
50 -30 -10 0.1346
55 -30 -10 0.1375
60 -30 -10 0.1316
70 -30 -10 0.1171
80 -30 -10 0.1201
90 -30 -10 0.1287
-20 -25 -10 -0.1351
-15 -25 -10 -0.1245
-10 -25 -10 -0.1066
-5 -25 -10 -0.0706
0 -25 -10 -0.0509
5 -25 -10 -0.0106
10 -25 -10 0.0328
15 -25 -10 0.08
20 -25 -10 0.1275
25 -25 -10 0.1474
30 -25 -10 0.1261
35 -25 -10 0.1154
40 -25 -10 0.1412
45 -25 -10 0.1486
50 -25 -10 0.141
55 -25 -10 0.1367
60 -25 -10 0.136
70 -25 -10 0.1174
80 -25 -10 0.1161
90 -25 -10 0.1241
-20 -20 -10 -0.1419
-15 -20 -10 -0.1235
-10 -20 -10 -0.1068
-5 -20 -10 -0.0746
0 -20 -10 -0.0532
5 -20 -10 -0.0096
10 -20 -10 0.0367
15 -20 -10 0.0887
20 -20 -10 0.1258
25 -20 -10 0.1466
30 -20 -10 0.1297
35 -20 -10 0.1299
40 -20 -10 0.1365
45 -20 -10 0.1517
50 -20 -10 0.1422
55 -20 -10 0.1251
60 -20 -10 0.1355
70 -20 -10 0.1185
80 -20 -10 0.1136
90 -20 -10 0.1214
-20 -15 -10 -0.1386
-15 -15 -10 -0.1208
-10 -15 -10 -0.1071
-5 -15 -10 -0.0771
0 -15 -10 -0.0544
5 -15 -10 -0.0102
10 -15 -10 0.0399
15 -15 -10 0.0934
20 -15 -10 0.1249
25 -15 -10 0.1454
30 -15 -10 0.1437
35 -15 -10 0.1377
40 -15 -10 0.1456
45 -15 -10 0.152
50 -15 -10 0.1486
55 -15 -10 0.1336
60 -15 -10 0.1154
70 -15 -10 0.1108
80 -15 -10 0.1124
90 -15 -10 0.1221
-20 -10 -10 -0.1374
-15 -10 -10 -0.1176
-10 -10 -10 -0.1061
-5 -10 -10 -0.0836
0 -10 -10 -0.0578
5 -10 -10 -0.0142
10 -10 -10 0.0412
15 -10 -10 0.0983
20 -10 -10 0.1326
25 -10 -10 0.1465
30 -10 -10 0.15
35 -10 -10 0.1523
40 -10 -10 0.1597
45 -10 -10 0.1608
50 -10 -10 0.1561
55 -10 -10 0.1467
60 -10 -10 0.1285
70 -10 -10 0.1161
80 -10 -10 0.1158
90 -10 -10 0.1265
-20 -8 -10 -0.133
-15 -8 -10 -0.1176
-10 -8 -10 -0.1068
-5 -8 -10 -0.0864
0 -8 -10 -0.0589
5 -8 -10 -0.0148
10 -8 -10 0.0417
15 -8 -10 0.1006
20 -8 -10 0.1347
25 -8 -10 0.1485
30 -8 -10 0.1619
35 -8 -10 0.1581
40 -8 -10 0.1622
45 -8 -10 0.1613
50 -8 -10 0.157
55 -8 -10 0.1472
60 -8 -10 0.1289
70 -8 -10 0.1187
80 -8 -10 0.1148
90 -8 -10 0.1256
-20 -6 -10 -0.1268
-15 -6 -10 -0.117
-10 -6 -10 -0.1072
-5 -6 -10 -0.0876
0 -6 -10 -0.0597
5 -6 -10 -0.0155
10 -6 -10 0.0408
15 -6 -10 0.1024
20 -6 -10 0.135
25 -6 -10 0.1485
30 -6 -10 0.1655
35 -6 -10 0.1722
40 -6 -10 0.1725
45 -6 -10 0.1597
50 -6 -10 0.1538
55 -6 -10 0.1475
60 -6 -10 0.1336
70 -6 -10 0.1376
80 -6 -10 0.1149
90 -6 -10 0.1257
-20 -4 -10 -0.1249
-15 -4 -10 -0.1177
-10 -4 -10 -0.1083
-5 -4 -10 -0.0887
0 -4 -10 -0.0606
5 -4 -10 -0.0161
10 -4 -10 0.0413
15 -4 -10 0.1034
20 -4 -10 0.1349
25 -4 -10 0.1453
30 -4 -10 0.166
35 -4 -10 0.1789
40 -4 -10 0.1762
45 -4 -10 0.1671
50 -4 -10 0.1511
55 -4 -10 0.1465
60 -4 -10 0.1351
70 -4 -10 0.1312
80 -4 -10 0.1194
90 -4 -10 0.1236
-20 -2 -10 -0.1222
-15 -2 -10 -0.1184
-10 -2 -10 -0.1094
-5 -2 -10 -0.0889
0 -2 -10 -0.0613
5 -2 -10 -0.0177
10 -2 -10 0.0406
15 -2 -10 0.1033
20 -2 -10 0.1325
25 -2 -10 0.1429
30 -2 -10 0.1663
35 -2 -10 0.1801
40 -2 -10 0.1798
45 -2 -10 0.1667
50 -2 -10 0.1515
55 -2 -10 0.1462
60 -2 -10 0.1372
70 -2 -10 0.1353
80 -2 -10 0.1177
90 -2 -10 0.1248
-20 0 -10 -0.1223
-15 0 -10 -0.1188
-10 0 -10 -0.1147
-5 0 -10 -0.0893
0 0 -10 -0.0617
5 0 -10 -0.0172
10 0 -10 0.0399
15 0 -10 0.1027
20 0 -10 0.1322
25 0 -10 0.1407
30 0 -10 0.1651
35 0 -10 0.1795
40 0 -10 0.1798
45 0 -10 0.1671
50 0 -10 0.1544
55 0 -10 0.1488
60 0 -10 0.1383
70 0 -10 0.1328
80 0 -10 0.1211
90 0 -10 0.1247
-20 2 -10 -0.1246
-15 2 -10 -0.1185
-10 2 -10 -0.1095
-5 2 -10 -0.0885
0 2 -10 -0.0611
5 2 -10 -0.0178
10 2 -10 0.0399
15 2 -10 0.1031
20 2 -10 0.1332
25 2 -10 0.1418
30 2 -10 0.164
35 2 -10 0.1793
40 2 -10 0.181
45 2 -10 0.1664
50 2 -10 0.1549
55 2 -10 0.1433
60 2 -10 0.1356
70 2 -10 0.1301
80 2 -10 0.1195
90 2 -10 0.1262
-20 4 -10 -0.1247
-15 4 -10 -0.1187
-10 4 -10 -0.1084
-5 4 -10 -0.0875
0 4 -10 -0.0603
5 4 -10 -0.0167
10 4 -10 0.0409
15 4 -10 0.1027
20 4 -10 0.1338
25 4 -10 0.1443
30 4 -10 0.1643
35 4 -10 0.1804
40 4 -10 0.1771
45 4 -10 0.1653
50 4 -10 0.1547
55 4 -10 0.1361
60 4 -10 0.132
70 4 -10 0.1263
80 4 -10 0.1195
90 4 -10 0.1256
-20 6 -10 -0.1252
-15 6 -10 -0.1182
-10 6 -10 -0.1077
-5 6 -10 -0.0859
0 6 -10 -0.0595
5 6 -10 -0.0156
10 6 -10 0.0415
15 6 -10 0.1018
20 6 -10 0.1343
25 6 -10 0.1457
30 6 -10 0.1624
35 6 -10 0.1782
40 6 -10 0.171
45 6 -10 0.1629
50 6 -10 0.156
55 6 -10 0.137
60 6 -10 0.1387
70 6 -10 0.127
80 6 -10 0.1225
90 6 -10 0.1256
-20 8 -10 -0.1257
-15 8 -10 -0.1178
-10 8 -10 -0.1063
-5 8 -10 -0.0842
0 8 -10 -0.0577
5 8 -10 -0.0141
10 8 -10 0.0414
15 8 -10 0.1008
20 8 -10 0.131
25 8 -10 0.1442
30 8 -10 0.1615
35 8 -10 0.1749
40 8 -10 0.1702
45 8 -10 0.1597
50 8 -10 0.1538
55 8 -10 0.1405
60 8 -10 0.1323
70 8 -10 0.1281
80 8 -10 0.1204
90 8 -10 0.1297
-20 10 -10 -0.1282
-15 10 -10 -0.1184
-10 10 -10 -0.1069
-5 10 -10 -0.0812
0 10 -10 -0.0561
5 10 -10 -0.0133
10 10 -10 0.0412
15 10 -10 0.0983
20 10 -10 0.1298
25 10 -10 0.1439
30 10 -10 0.1593
35 10 -10 0.1675
40 10 -10 0.1659
45 10 -10 0.1569
50 10 -10 0.1544
55 10 -10 0.1431
60 10 -10 0.131
70 10 -10 0.1268
80 10 -10 0.1177
90 10 -10 0.1257
-20 15 -10 -0.1294
-15 15 -10 -0.1216
-10 15 -10 -0.1079
-5 15 -10 -0.0747
0 15 -10 -0.0527
5 15 -10 -0.0093
10 15 -10 0.0399
15 15 -10 0.0934
20 15 -10 0.1221
25 15 -10 0.1428
30 15 -10 0.153
35 15 -10 0.1529
40 15 -10 0.1518
45 15 -10 0.1481
50 15 -10 0.1469
55 15 -10 0.13
60 15 -10 0.1179
70 15 -10 0.1215
80 15 -10 0.1143
90 15 -10 0.1213
-20 20 -10 -0.1327
-15 20 -10 -0.1243
-10 20 -10 -0.1076
-5 20 -10 -0.0722
0 20 -10 -0.0515
5 20 -10 -0.0087
10 20 -10 0.0367
15 20 -10 0.0887
20 20 -10 0.123
25 20 -10 0.144
30 20 -10 0.139
35 20 -10 0.1451
40 20 -10 0.1427
45 20 -10 0.1478
50 20 -10 0.1405
55 20 -10 0.1215
60 20 -10 0.138
70 20 -10 0.1292
80 20 -10 0.1155
90 20 -10 0.1206
-20 25 -10 -0.1259
-15 25 -10 -0.1253
-10 25 -10 -0.1074
-5 25 -10 -0.0682
0 25 -10 -0.0492
5 25 -10 -0.0106
10 25 -10 0.0328
15 25 -10 0.08
20 25 -10 0.1247
25 25 -10 0.1448
30 25 -10 0.1354
35 25 -10 0.1306
40 25 -10 0.1474
45 25 -10 0.1447
50 25 -10 0.1393
55 25 -10 0.1331
60 25 -10 0.1385
70 25 -10 0.1281
80 25 -10 0.118
90 25 -10 0.1233
-20 30 -10 -0.127
-15 30 -10 -0.1224
-10 30 -10 -0.1026
-5 30 -10 -0.0631
0 30 -10 -0.0466
5 30 -10 -0.0127
10 30 -10 0.0268
15 30 -10 0.0735
20 30 -10 0.1194
25 30 -10 0.1348
30 30 -10 0.1149
35 30 -10 0.1227
40 30 -10 0.1397
45 30 -10 0.1482
50 30 -10 0.1329
55 30 -10 0.1339
60 30 -10 0.1341
70 30 -10 0.1278
80 30 -10 0.122
90 30 -10 0.1279
-20 -30 0 -0.1072
-15 -30 0 -0.1006
-10 -30 0 -0.0853
-5 -30 0 -0.0546
0 -30 0 -0.0355
5 -30 0 -0.0012
10 -30 0 0.0359
15 -30 0 0.078
20 -30 0 0.1183
25 -30 0 0.1267
30 -30 0 0.0941
35 -30 0 0.0885
40 -30 0 0.1089
45 -30 0 0.1232
50 -30 0 0.1135
55 -30 0 0.1137
60 -30 0 0.1037
70 -30 0 0.0857
80 -30 0 0.0842
90 -30 0 0.0847
-20 -25 0 -0.1061
-15 -25 0 -0.1035
-10 -25 0 -0.0901
-5 -25 0 -0.0597
0 -25 0 -0.0381
5 -25 0 0
10 -25 0 0.0491
15 -25 0 0.0845
20 -25 0 0.1236
25 -25 0 0.1367
30 -25 0 0.1146
35 -25 0 0.0964
40 -25 0 0.1166
45 -25 0 0.1197
50 -25 0 0.1185
55 -25 0 0.1195
60 -25 0 0.109
70 -25 0 0.0858
80 -25 0 0.0807
90 -25 0 0.0813
-20 -20 0 -0.1129
-15 -20 0 -0.1025
-10 -20 0 -0.0903
-5 -20 0 -0.0637
0 -20 0 -0.0404
5 -20 0 0.001
10 -20 0 0.0458
15 -20 0 0.0932
20 -20 0 0.1219
25 -20 0 0.1359
30 -20 0 0.1182
35 -20 0 0.1109
40 -20 0 0.1119
45 -20 0 0.1228
50 -20 0 0.1184
55 -20 0 0.1146
60 -20 0 0.1094
70 -20 0 0.0857
80 -20 0 0.0787
90 -20 0 0.0798
-20 -15 0 -0.1096
-15 -15 0 -0.0998
-10 -15 0 -0.0906
-5 -15 0 -0.0662
0 -15 0 -0.0416
5 -15 0 0.0004
10 -15 0 0.049
15 -15 0 0.0979
20 -15 0 0.121
25 -15 0 0.1347
30 -15 0 0.1322
35 -15 0 0.1187
40 -15 0 0.121
45 -15 0 0.1231
50 -15 0 0.1171
55 -15 0 0.1161
60 -15 0 0.1049
70 -15 0 0.0796
80 -15 0 0.0778
90 -15 0 0.0824
-20 -10 0 -0.1084
-15 -10 0 -0.0966
-10 -10 0 -0.0896
-5 -10 0 -0.0727
0 -10 0 -0.045
5 -10 0 -0.0036
10 -10 0 0.0503
15 -10 0 0.1028
20 -10 0 0.1287
25 -10 0 0.1358
30 -10 0 0.1385
35 -10 0 0.1333
40 -10 0 0.1351
45 -10 0 0.1319
50 -10 0 0.1243
55 -10 0 0.1209
60 -10 0 0.1109
70 -10 0 0.0851
80 -10 0 0.0791
90 -10 0 0.0843
-20 -8 0 -0.104
-15 -8 0 -0.0966
-10 -8 0 -0.0903
-5 -8 0 -0.0755
0 -8 0 -0.0461
5 -8 0 -0.0042
10 -8 0 0.0508
15 -8 0 0.1051
20 -8 0 0.1308
25 -8 0 0.1378
30 -8 0 0.1504
35 -8 0 0.1391
40 -8 0 0.1376
45 -8 0 0.1324
50 -8 0 0.1279
55 -8 0 0.1211
60 -8 0 0.1123
70 -8 0 0.0919
80 -8 0 0.0793
90 -8 0 0.0843
-20 -6 0 -0.0978
-15 -6 0 -0.096
-10 -6 0 -0.0907
-5 -6 0 -0.0767
0 -6 0 -0.0469
5 -6 0 -0.0049
10 -6 0 0.0499
15 -6 0 0.1069
20 -6 0 0.1311
25 -6 0 0.1378
30 -6 0 0.154
35 -6 0 0.1532
40 -6 0 0.1479
45 -6 0 0.1308
50 -6 0 0.1279
55 -6 0 0.1211
60 -6 0 0.1181
70 -6 0 0.115
80 -6 0 0.0805
90 -6 0 0.0853
-20 -4 0 -0.0959
-15 -4 0 -0.0967
-10 -4 0 -0.0918
-5 -4 0 -0.0778
0 -4 0 -0.0478
5 -4 0 -0.0055
10 -4 0 0.0509
15 -4 0 0.1079
20 -4 0 0.131
25 -4 0 0.1346
30 -4 0 0.1545
35 -4 0 0.1599
40 -4 0 0.1516
45 -4 0 0.1332
50 -4 0 0.1258
55 -4 0 0.1195
60 -4 0 0.1184
70 -4 0 0.1087
80 -4 0 0.0846
90 -4 0 0.0841
-20 -2 0 -0.0932
-15 -2 0 -0.0974
-10 -2 0 -0.0929
-5 -2 0 -0.078
0 -2 0 -0.0485
5 -2 0 -0.0071
10 -2 0 0.0497
15 -2 0 0.1078
20 -2 0 0.1286
25 -2 0 0.1322
30 -2 0 0.1548
35 -2 0 0.1611
40 -2 0 0.1552
45 -2 0 0.1378
50 -2 0 0.1257
55 -2 0 0.1183
60 -2 0 0.117
70 -2 0 0.1089
80 -2 0 0.0808
90 -2 0 0.0858
-20 0 0 -0.0933
-15 0 0 -0.0978
-10 0 0 -0.0982
-5 0 0 -0.0784
0 0 0 -0.0489
5 0 0 -0.0066
10 0 0 0.049
15 0 0 0.1072
20 0 0 0.1283
25 0 0 0.13
30 0 0 0.1536
35 0 0 0.1605
40 0 0 0.1552
45 0 0 0.1382
50 0 0 0.1281
55 0 0 0.12
60 0 0 0.1147
70 0 0 0.1025
80 0 0 0.0821
90 0 0 0.0864
-20 2 0 -0.0956
-15 2 0 -0.0975
-10 2 0 -0.093
-5 2 0 -0.0776
0 2 0 -0.0483
5 2 0 -0.0072
10 2 0 0.049
15 2 0 0.1076
20 2 0 0.1293
25 2 0 0.1311
30 2 0 0.1525
35 2 0 0.1603
40 2 0 0.1564
45 2 0 0.1375
50 2 0 0.1258
55 2 0 0.1185
60 2 0 0.1141
70 2 0 0.1022
80 2 0 0.0802
90 2 0 0.0857
-20 4 0 -0.0957
-15 4 0 -0.0977
-10 4 0 -0.0919
-5 4 0 -0.0766
0 4 0 -0.0475
5 4 0 -0.0061
10 4 0 0.05
15 4 0 0.1072
20 4 0 0.1299
25 4 0 0.1336
30 4 0 0.1528
35 4 0 0.1614
40 4 0 0.1525
45 4 0 0.1364
50 4 0 0.1228
55 4 0 0.1153
60 4 0 0.1126
70 4 0 0.1007
80 4 0 0.0799
90 4 0 0.0828
-20 6 0 -0.0962
-15 6 0 -0.0972
-10 6 0 -0.0912
-5 6 0 -0.075
0 6 0 -0.0467
5 6 0 -0.005
10 6 0 0.0506
15 6 0 0.1063
20 6 0 0.1304
25 6 0 0.135
30 6 0 0.1509
35 6 0 0.1592
40 6 0 0.1464
45 6 0 0.134
50 6 0 0.1221
55 6 0 0.116
60 6 0 0.1129
70 6 0 0.1012
80 6 0 0.0826
90 6 0 0.0817
-20 8 0 -0.0967
-15 8 0 -0.0968
-10 8 0 -0.0898
-5 8 0 -0.0733
0 8 0 -0.0449
5 8 0 -0.0035
10 8 0 0.0505
15 8 0 0.1053
20 8 0 0.1271
25 8 0 0.1335
30 8 0 0.15
35 8 0 0.1559
40 8 0 0.1456
45 8 0 0.1308
50 8 0 0.1186
55 8 0 0.1152
60 8 0 0.1129
70 8 0 0.0994
80 8 0 0.08
90 8 0 0.0857
-20 10 0 -0.0992
-15 10 0 -0.0974
-10 10 0 -0.0904
-5 10 0 -0.0703
0 10 0 -0.0433
5 10 0 -0.0027
10 10 0 0.0503
15 10 0 0.1028
20 10 0 0.1259
25 10 0 0.1332
30 10 0 0.1478
35 10 0 0.1485
40 10 0 0.1413
45 10 0 0.128
50 10 0 0.118
55 10 0 0.1135
60 10 0 0.1109
70 10 0 0.0952
80 10 0 0.0709
90 10 0 0.0816
-20 15 0 -0.1004
-15 15 0 -0.1006
-10 15 0 -0.0914
-5 15 0 -0.0638
0 15 0 -0.0399
5 15 0 0.0013
10 15 0 0.049
15 15 0 0.0979
20 15 0 0.1182
25 15 0 0.1321
30 15 0 0.1415
35 15 0 0.1339
40 15 0 0.1272
45 15 0 0.1192
50 15 0 0.1108
55 15 0 0.1087
60 15 0 0.1049
70 15 0 0.0897
80 15 0 0.0756
90 15 0 0.0797
-20 20 0 -0.1037
-15 20 0 -0.1033
-10 20 0 -0.0911
-5 20 0 -0.0613
0 20 0 -0.0387
5 20 0 0.0019
10 20 0 0.0458
15 20 0 0.0932
20 20 0 0.1191
25 20 0 0.1333
30 20 0 0.1275
35 20 0 0.1261
40 20 0 0.1181
45 20 0 0.1189
50 20 0 0.1121
55 20 0 0.1072
60 20 0 0.1094
70 20 0 0.0958
80 20 0 0.0765
90 20 0 0.0771
-20 25 0 -0.0969
-15 25 0 -0.1043
-10 25 0 -0.0909
-5 25 0 -0.0573
0 25 0 -0.0364
5 25 0 0
10 25 0 0.0419
15 25 0 0.0845
20 25 0 0.1208
25 25 0 0.1341
30 25 0 0.1239
35 25 0 0.1116
40 25 0 0.1228
45 25 0 0.1158
50 25 0 0.1122
55 25 0 0.1121
60 25 0 0.109
70 25 0 0.0959
80 25 0 0.0785
90 25 0 0.0786
-20 30 0 -0.098
-15 30 0 -0.1014
-10 30 0 -0.0861
-5 30 0 -0.0522
0 30 0 -0.0338
5 30 0 -0.0021
10 30 0 0.0359
15 30 0 0.078
20 30 0 0.1155
25 30 0 0.1241
30 30 0 0.1034
35 30 0 0.1037
40 30 0 0.1151
45 30 0 0.1193
50 30 0 0.1072
55 30 0 0.1063
60 30 0 0.1037
70 30 0 0.0958
80 30 0 0.082
90 30 0 0.082
-20 -30 10 -0.1023
-15 -30 10 -0.1038
-10 -30 10 -0.0963
-5 -30 10 -0.0664
0 -30 10 -0.0472
5 -30 10 -0.0146
10 -30 10 0.0182
15 -30 10 0.0537
20 -30 10 0.0871
25 -30 10 0.0916
30 -30 10 0.0509
35 -30 10 0.0481
40 -30 10 0.0664
45 -30 10 0.0846
50 -30 10 0.0908
55 -30 10 0.0842
60 -30 10 0.0749
70 -30 10 0.0504
80 -30 10 0.0421
90 -30 10 0.0433
-20 -25 10 -0.1012
-15 -25 10 -0.1067
-10 -25 10 -0.1011
-5 -25 10 -0.0715
0 -25 10 -0.0498
5 -25 10 -0.0134
10 -25 10 0.0242
15 -25 10 0.0602
20 -25 10 0.0924
25 -25 10 0.1016
30 -25 10 0.0714
35 -25 10 0.056
40 -25 10 0.0741
45 -25 10 0.0811
50 -25 10 0.0985
55 -25 10 0.0869
60 -25 10 0.0823
70 -25 10 0.05
80 -25 10 0.038
90 -25 10 0.0404
-20 -20 10 -0.108
-15 -20 10 -0.1057
-10 -20 10 -0.1013
-5 -20 10 -0.0755
0 -20 10 -0.0521
5 -20 10 -0.0124
10 -20 10 0.0281
15 -20 10 0.0689
20 -20 10 0.0907
25 -20 10 0.1008
30 -20 10 0.075
35 -20 10 0.0705
40 -20 10 0.0694
45 -20 10 0.0842
50 -20 10 0.1011
55 -20 10 0.079
60 -20 10 0.0849
70 -20 10 0.0504
80 -20 10 0.0355
90 -20 10 0.0395
-20 -15 10 -0.1047
-15 -15 10 -0.103
-10 -15 10 -0.1016
-5 -15 10 -0.078
0 -15 10 -0.0533
5 -15 10 -0.013
10 -15 10 0.0313
15 -15 10 0.0736
20 -15 10 0.0898
25 -15 10 0.0996
30 -15 10 0.089
35 -15 10 0.0783
40 -15 10 0.0785
45 -15 10 0.0845
50 -15 10 0.0999
55 -15 10 0.0882
60 -15 10 0.0794
70 -15 10 0.0467
80 -15 10 0.0397
90 -15 10 0.0467
-20 -10 10 -0.1035
-15 -10 10 -0.0998
-10 -10 10 -0.1006
-5 -10 10 -0.0845
0 -10 10 -0.0567
5 -10 10 -0.017
10 -10 10 0.0326
15 -10 10 0.0785
20 -10 10 0.0975
25 -10 10 0.1007
30 -10 10 0.0953
35 -10 10 0.0929
40 -10 10 0.0926
45 -10 10 0.0933
50 -10 10 0.1063
55 -10 10 0.1025
60 -10 10 0.0831
70 -10 10 0.0813
80 -10 10 0.042
90 -10 10 0.0495
-20 -8 10 -0.0991
-15 -8 10 -0.0998
-10 -8 10 -0.1013
-5 -8 10 -0.0873
0 -8 10 -0.0578
5 -8 10 -0.0176
10 -8 10 0.0331
15 -8 10 0.0808
20 -8 10 0.0996
25 -8 10 0.1027
30 -8 10 0.1072
35 -8 10 0.0987
40 -8 10 0.0951
45 -8 10 0.0938
50 -8 10 0.1061
55 -8 10 0.101
60 -8 10 0.0841
70 -8 10 0.0811
80 -8 10 0.0417
90 -8 10 0.0492
-20 -6 10 -0.0929
-15 -6 10 -0.0992
-10 -6 10 -0.1017
-5 -6 10 -0.0885
0 -6 10 -0.0586
5 -6 10 -0.0183
10 -6 10 0.0322
15 -6 10 0.0826
20 -6 10 0.0999
25 -6 10 0.1027
30 -6 10 0.1108
35 -6 10 0.1128
40 -6 10 0.1054
45 -6 10 0.0922
50 -6 10 0.1018
55 -6 10 0.0993
60 -6 10 0.0896
70 -6 10 0.0972
80 -6 10 0.0424
90 -6 10 0.0499
-20 -4 10 -0.091
-15 -4 10 -0.0999
-10 -4 10 -0.1028
-5 -4 10 -0.0896
0 -4 10 -0.0595
5 -4 10 -0.0189
10 -4 10 0.0327
15 -4 10 0.0836
20 -4 10 0.0998
25 -4 10 0.0995
30 -4 10 0.1113
35 -4 10 0.1195
40 -4 10 0.1091
45 -4 10 0.0946
50 -4 10 0.0996
55 -4 10 0.098
60 -4 10 0.0908
70 -4 10 0.095
80 -4 10 0.0478
90 -4 10 0.0484
-20 -2 10 -0.0884
-15 -2 10 -0.1006
-10 -2 10 -0.1039
-5 -2 10 -0.0898
0 -2 10 -0.0602
5 -2 10 -0.0205
10 -2 10 0.032
15 -2 10 0.0835
20 -2 10 0.0974
25 -2 10 0.0971
30 -2 10 0.1116
35 -2 10 0.1207
40 -2 10 0.1127
45 -2 10 0.0992
50 -2 10 0.1021
55 -2 10 0.0991
60 -2 10 0.0915
70 -2 10 0.1075
80 -2 10 0.0473
90 -2 10 0.05
-20 0 10 -0.0884
-15 0 10 -0.101
-10 0 10 -0.1092
-5 0 10 -0.0902
0 0 10 -0.0606
5 0 10 -0.02
10 0 10 0.0313
15 0 10 0.0829
20 0 10 0.0971
25 0 10 0.0949
30 0 10 0.1104
35 0 10 0.1201
40 0 10 0.1127
45 0 10 0.0996
50 0 10 0.1071
55 0 10 0.103
60 0 10 0.0914
70 0 10 0.119
80 0 10 0.0519
90 0 10 0.0504
-20 2 10 -0.0907
-15 2 10 -0.1007
-10 2 10 -0.104
-5 2 10 -0.0894
0 2 10 -0.06
5 2 10 -0.0206
10 2 10 0.0313
15 2 10 0.0833
20 2 10 0.0981
25 2 10 0.096
30 2 10 0.1093
35 2 10 0.1199
40 2 10 0.1139
45 2 10 0.0989
50 2 10 0.1071
55 2 10 0.0972
60 2 10 0.0908
70 2 10 0.1101
80 2 10 0.0484
90 2 10 0.0495
-20 4 10 -0.0908
-15 4 10 -0.1009
-10 4 10 -0.1029
-5 4 10 -0.0884
0 4 10 -0.0592
5 4 10 -0.0195
10 4 10 0.0323
15 4 10 0.0829
20 4 10 0.0987
25 4 10 0.0985
30 4 10 0.1096
35 4 10 0.121
40 4 10 0.11
45 4 10 0.0978
50 4 10 0.1064
55 4 10 0.0897
60 4 10 0.0893
70 4 10 0.1001
80 4 10 0.0465
90 4 10 0.0463
-20 6 10 -0.0913
-15 6 10 -0.1004
-10 6 10 -0.1022
-5 6 10 -0.0868
0 6 10 -0.0584
5 6 10 -0.0184
10 6 10 0.0329
15 6 10 0.082
20 6 10 0.0992
25 6 10 0.0999
30 6 10 0.1077
35 6 10 0.1188
40 6 10 0.1039
45 6 10 0.0954
50 6 10 0.107
55 6 10 0.0914
60 6 10 0.0895
70 6 10 0.0967
80 6 10 0.0489
90 6 10 0.0457
-20 8 10 -0.0918
-15 8 10 -0.1
-10 8 10 -0.1008
-5 8 10 -0.0851
0 8 10 -0.0566
5 8 10 -0.0169
10 8 10 0.0328
15 8 10 0.081
20 8 10 0.0959
25 8 10 0.0984
30 8 10 0.1068
35 8 10 0.1155
40 8 10 0.1031
45 8 10 0.0922
50 8 10 0.1036
55 8 10 0.0969
60 8 10 0.0889
70 8 10 0.0958
80 8 10 0.0472
90 8 10 0.051
-20 10 10 -0.0943
-15 10 10 -0.1006
-10 10 10 -0.1014
-5 10 10 -0.0821
0 10 10 -0.055
5 10 10 -0.0161
10 10 10 0.0326
15 10 10 0.0785
20 10 10 0.0947
25 10 10 0.0981
30 10 10 0.1046
35 10 10 0.1081
40 10 10 0.0988
45 10 10 0.0894
50 10 10 0.1032
55 10 10 0.1015
60 10 10 0.0868
70 10 10 0.0931
80 10 10 0.045
90 10 10 0.0482
-20 15 10 -0.0955
-15 15 10 -0.1038
-10 15 10 -0.1024
-5 15 10 -0.0756
0 15 10 -0.0516
5 15 10 -0.0121
10 15 10 0.0313
15 15 10 0.0736
20 15 10 0.087
25 15 10 0.097
30 15 10 0.0983
35 15 10 0.0935
40 15 10 0.0847
45 15 10 0.0806
50 15 10 0.0968
55 15 10 0.0872
60 15 10 0.0831
70 15 10 0.0585
80 15 10 0.0427
90 15 10 0.0454
-20 20 10 -0.0988
-15 20 10 -0.1065
-10 20 10 -0.1021
-5 20 10 -0.0731
0 20 10 -0.0504
5 20 10 -0.0115
10 20 10 0.0281
15 20 10 0.0689
20 20 10 0.0879
25 20 10 0.0982
30 20 10 0.0843
35 20 10 0.0857
40 20 10 0.0756
45 20 10 0.0803
50 20 10 0.098
55 20 10 0.078
60 20 10 0.0886
70 20 10 0.0622
80 20 10 0.0385
90 20 10 0.0382
-20 25 10 -0.092
-15 25 10 -0.1075
-10 25 10 -0.1019
-5 25 10 -0.0691
0 25 10 -0.0481
5 25 10 -0.0134
10 25 10 0.0242
15 25 10 0.0602
20 25 10 0.0896
25 25 10 0.099
30 25 10 0.0807
35 25 10 0.0712
40 25 10 0.0803
45 25 10 0.0772
50 25 10 0.0954
55 25 10 0.0859
60 25 10 0.086
70 25 10 0.0618
80 25 10 0.041
90 25 10 0.0391
-20 30 10 -0.0931
-15 30 10 -0.1046
-10 30 10 -0.0971
-5 30 10 -0.064
0 30 10 -0.0455
5 30 10 -0.0155
10 30 10 0.0182
15 30 10 0.0537
20 30 10 0.0843
25 30 10 0.089
30 30 10 0.0602
35 30 10 0.0633
40 30 10 0.0726
45 30 10 0.0807
50 30 10 0.0877
55 30 10 0.0832
60 30 10 0.0786
70 30 10 0.0622
80 30 10 0.0451
90 30 10 0.042
-20 -30 25 -0.1068
-15 -30 25 -0.1122
-10 -30 25 -0.1102
-5 -30 25 -0.0911
0 -30 25 -0.0811
5 -30 25 -0.0575
10 -30 25 -0.0183
15 -30 25 0.0195
20 -30 25 0.0494
25 -30 25 0.0699
30 -30 25 0.0207
35 -30 25 0.0211
40 -30 25 0.0386
45 -30 25 0.046
50 -30 25 0.0394
55 -30 25 0.0336
60 -30 25 0.0158
70 -30 25 -0.0186
80 -30 25 -0.0242
90 -30 25 -0.0208
-20 -25 25 -0.1102
-15 -25 25 -0.118
-10 -25 25 -0.1212
-5 -25 25 -0.1027
0 -25 25 -0.0889
5 -25 25 -0.0588
10 -25 25 -0.0188
15 -25 25 0.0186
20 -25 25 0.0626
25 -25 25 0.0695
30 -25 25 0.0324
35 -25 25 0.0282
40 -25 25 0.0462
45 -25 25 0.0438
50 -25 25 0.0479
55 -25 25 0.0411
60 -25 25 0.0284
70 -25 25 -0.0121
80 -25 25 -0.0267
90 -25 25 -0.0271
-20 -20 25 -0.116
-15 -20 25 -0.1227
-10 -20 25 -0.1319
-5 -20 25 -0.1093
0 -20 25 -0.0955
5 -20 25 -0.0631
10 -20 25 -0.0211
15 -20 25 0.0204
20 -20 25 0.0562
25 -20 25 0.0627
30 -20 25 0.0323
35 -20 25 0.0309
40 -20 25 0.0331
45 -20 25 0.0341
50 -20 25 0.0513
55 -20 25 0.038
60 -20 25 0.0361
70 -20 25 -0.0057
80 -20 25 -0.0277
90 -20 25 -0.0315
-20 -15 25 -0.1176
-15 -15 25 -0.1292
-10 -15 25 -0.1359
-5 -15 25 -0.1144
0 -15 25 -0.0996
5 -15 25 -0.0676
10 -15 25 -0.0241
15 -15 25 0.0186
20 -15 25 0.0477
25 -15 25 0.0557
30 -15 25 0.0293
35 -15 25 0.0263
40 -15 25 0.0339
45 -15 25 0.0311
50 -15 25 0.0447
55 -15 25 0.0471
60 -15 25 0.0335
70 -15 25 -0.007
80 -15 25 -0.02
90 -15 25 -0.0229
-20 -10 25 -0.1291
-15 -10 25 -0.1365
-10 -10 25 -0.1403
-5 -10 25 -0.1244
0 -10 25 -0.1015
5 -10 25 -0.0671
10 -10 25 -0.0226
15 -10 25 0.0194
20 -10 25 0.0323
25 -10 25 0.0366
30 -10 25 0.0304
35 -10 25 0.0307
40 -10 25 0.0365
45 -10 25 0.0348
50 -10 25 0.0538
55 -10 25 0.0543
60 -10 25 0.0487
70 -10 25 0.041
80 -10 25 -0.0215
90 -10 25 -0.0156
-20 -8 25 -0.1289
-15 -8 25 -0.1397
-10 -8 25 -0.1427
-5 -8 25 -0.1304
0 -8 25 -0.1037
5 -8 25 -0.0694
10 -8 25 -0.0254
15 -8 25 0.0181
20 -8 25 0.0279
25 -8 25 0.0316
30 -8 25 0.0404
35 -8 25 0.0334
40 -8 25 0.0407
45 -8 25 0.0373
50 -8 25 0.0528
55 -8 25 0.0508
60 -8 25 0.0443
70 -8 25 0.0451
80 -8 25 -0.0224
90 -8 25 -0.0165
-20 -6 25 -0.1244
-15 -6 25 -0.1406
-10 -6 25 -0.1454
-5 -6 25 -0.1316
0 -6 25 -0.1056
5 -6 25 -0.0715
10 -6 25 -0.0291
15 -6 25 0.0154
20 -6 25 0.0289
25 -6 25 0.0263
30 -6 25 0.0419
35 -6 25 0.0437
40 -6 25 0.0394
45 -6 25 0.0362
50 -6 25 0.0483
55 -6 25 0.0471
60 -6 25 0.0442
70 -6 25 0.0655
80 -6 25 -0.0223
90 -6 25 -0.0141
-20 -4 25 -0.1158
-15 -4 25 -0.1416
-10 -4 25 -0.148
-5 -4 25 -0.132
0 -4 25 -0.1065
5 -4 25 -0.0739
10 -4 25 -0.0333
15 -4 25 0.0162
20 -4 25 0.0263
25 -4 25 0.0207
30 -4 25 0.0404
35 -4 25 0.0466
40 -4 25 0.0411
45 -4 25 0.0335
50 -4 25 0.0441
55 -4 25 0.0445
60 -4 25 0.0432
70 -4 25 0.0604
80 -4 25 -0.018
90 -4 25 -0.0184
-20 -2 25 -0.1137
-15 -2 25 -0.1442
-10 -2 25 -0.152
-5 -2 25 -0.1333
0 -2 25 -0.1077
5 -2 25 -0.0775
10 -2 25 -0.037
15 -2 25 0.0198
20 -2 25 0.0204
25 -2 25 0.016
30 -2 25 0.0385
35 -2 25 0.0458
40 -2 25 0.0407
45 -2 25 0.0338
50 -2 25 0.0444
55 -2 25 0.045
60 -2 25 0.0451
70 -2 25 0.0655
80 -2 25 -0.0202
90 -2 25 -0.0173
-20 0 25 -0.1141
-15 0 25 -0.145
-10 0 25 -0.1633
-5 0 25 -0.1337
0 0 25 -0.1075
5 0 25 -0.0785
10 0 25 -0.0336
15 0 25 0.0212
20 0 25 0.0187
25 0 25 0.0198
30 0 25 0.0381
35 0 25 0.0479
40 0 25 0.0418
45 0 25 0.0363
50 0 25 0.0472
55 0 25 0.0484
60 0 25 0.046
70 0 25 0.0641
80 0 25 -0.0173
90 0 25 -0.0173
-20 2 25 -0.1164
-15 2 25 -0.1448
-10 2 25 -0.1518
-5 2 25 -0.134
0 2 25 -0.1072
5 2 25 -0.0787
10 2 25 -0.0345
15 2 25 0.0157
20 2 25 0.0173
25 2 25 0.0165
30 2 25 0.0374
35 2 25 0.0495
40 2 25 0.0431
45 2 25 0.0325
50 2 25 0.0488
55 2 25 0.0442
60 2 25 0.0451
70 2 25 0.0677
80 2 25 -0.0046
90 2 25 -0.0168
-20 4 25 -0.1192
-15 4 25 -0.1428
-10 4 25 -0.1482
-5 4 25 -0.1322
0 4 25 -0.1061
5 4 25 -0.0744
10 4 25 -0.0326
15 4 25 0.0131
20 4 25 0.0255
25 4 25 0.0218
30 4 25 0.0379
35 4 25 0.0495
40 4 25 0.0426
45 4 25 0.034
50 4 25 0.0497
55 4 25 0.0383
60 4 25 0.0433
70 4 25 0.0701
80 4 25 0.0281
90 4 25 -0.0185
-20 6 25 -0.12
-15 6 25 -0.1408
-10 6 25 -0.1457
-5 6 25 -0.1309
0 6 25 -0.1045
5 6 25 -0.0704
10 6 25 -0.0283
15 6 25 0.0136
20 6 25 0.0183
25 6 25 0.0244
30 6 25 0.0389
35 6 25 0.0487
40 6 25 0.0392
45 6 25 0.0342
50 6 25 0.0507
55 6 25 0.041
60 6 25 0.0435
70 6 25 0.0702
80 6 25 0.0311
90 6 25 -0.0183
-20 8 25 -0.124
-15 8 25 -0.144
-10 8 25 -0.1438
-5 8 25 -0.128
0 8 25 -0.1024
5 8 25 -0.0688
10 8 25 -0.0247
15 8 25 0.0158
20 8 25 0.0165
25 8 25 0.0228
30 8 25 0.0417
35 8 25 0.0467
40 8 25 0.0405
45 8 25 0.0356
50 8 25 0.0487
55 8 25 0.0471
60 8 25 0.0438
70 8 25 0.0636
80 8 25 0.0053
90 8 25 -0.013
-20 10 25 -0.1243
-15 10 25 -0.1397
-10 10 25 -0.1419
-5 10 25 -0.1243
0 10 25 -0.1003
5 10 25 -0.0669
10 10 25 -0.0236
15 10 25 0.0179
20 10 25 0.0119
25 10 25 0.0214
30 10 25 0.0446
35 10 25 0.0434
40 10 25 0.0381
45 10 25 0.0338
50 10 25 0.0495
55 10 25 0.0522
60 10 25 0.0416
70 10 25 0.0546
80 10 25 -0.021
90 10 25 -0.0157
-20 15 25 -0.1128
-15 15 25 -0.1324
-10 15 25 -0.1375
-5 15 25 -0.1143
0 15 25 -0.0984
5 15 25 -0.0674
10 15 25 -0.0251
15 15 25 0.0171
20 15 25 0.0273
25 15 25 0.0405
30 15 25 0.0435
35 15 25 0.039
40 15 25 0.0355
45 15 25 0.0301
50 15 25 0.0478
55 15 25 0.0432
60 15 25 0.0363
70 15 25 0.0033
80 15 25 -0.0288
90 15 25 -0.0237
-20 20 25 -0.1112
-15 20 25 -0.1259
-10 20 25 -0.1335
-5 20 25 -0.1092
0 20 25 -0.0943
5 20 25 -0.0624
10 20 25 -0.0221
15 20 25 0.0189
20 20 25 0.0358
25 20 25 0.0475
30 20 25 0.0465
35 20 25 0.0436
40 20 25 0.0347
45 20 25 0.0331
50 20 25 0.0525
55 20 25 0.0272
60 20 25 0.0397
70 20 25 0.002
80 20 25 -0.0312
90 20 25 -0.0323
-20 25 25 -0.1054
-15 25 25 -0.1212
-10 25 25 -0.1228
-5 25 25 -0.1026
0 25 25 -0.0877
5 25 25 -0.0586
10 25 25 -0.0198
15 25 25 0.0171
20 25 25 0.0422
25 25 25 0.0543
30 25 25 0.0466
35 25 25 0.0409
40 25 25 0.0478
45 25 25 0.0428
50 25 25 0.0476
55 25 25 0.0347
60 25 25 0.034
70 25 25 -0.0005
80 25 25 -0.024
90 25 25 -0.0246
-20 30 25 -0.102
-15 30 25 -0.1154
-10 30 25 -0.1118
-5 30 25 -0.091
0 30 25 -0.0799
5 30 25 -0.0573
10 30 25 -0.0193
15 30 25 0.018
20 30 25 0.029
25 30 25 0.0547
30 30 25 0.0349
35 30 25 0.0338
40 30 25 0.0402
45 30 25 0.045
50 30 25 0.0376
55 30 25 0.0315
60 30 25 0.0246
70 30 25 0.0058
80 30 25 -0.0152
90 30 25 -0.015
