alpha beta Cy_r30
-20 -30 0.4196
-15 -30 0.4427
-10 -30 0.4833
-5 -30 0.606
0 -30 0.635
5 -30 0.66
10 -30 0.696
15 -30 0.671
20 -30 0.655
25 -30 0.57
30 -30 0.4
35 -30 0.334
40 -30 0.152
45 -30 0.189
50 -30 0.142
55 -30 0.159
60 -30 0.176
70 -30 0.24
80 -30 0.295
90 -30 0.3
-20 -25 0.351
-15 -25 0.3724
-10 -25 0.4258
-5 -25 0.54
0 -25 0.566
5 -25 0.599
10 -25 0.596
15 -25 0.557
20 -25 0.543
25 -25 0.48
30 -25 0.34
35 -25 0.315
40 -25 0.162
45 -25 0.119
50 -25 0.097
55 -25 0.119
60 -25 0.141
70 -25 0.2
80 -25 0.248
90 -25 0.241
-20 -20 0.2977
-15 -20 0.3174
-10 -20 0.379
-5 -20 0.475
0 -20 0.496
5 -20 0.516
10 -20 0.524
15 -20 0.477
20 -20 0.438
25 -20 0.392
30 -20 0.264
35 -20 0.253
40 -20 0.119
45 -20 0.089
50 -20 0.093
55 -20 0.16
60 -20 0.175
70 -20 0.17
80 -20 0.208
90 -20 0.191
-20 -15 0.2414
-15 -15 0.2511
-10 -15 0.3075
-5 -15 0.364
0 -15 0.38
5 -15 0.396
10 -15 0.408
15 -15 0.363
20 -15 0.349
25 -15 0.307
30 -15 0.192
35 -15 0.191
40 -15 0.091
45 -15 0.103
50 -15 0.11
55 -15 0.145
60 -15 0.146
70 -15 0.144
80 -15 0.155
90 -15 0.158
-20 -10 0.1906
-15 -10 0.2112
-10 -10 0.232
-5 -10 0.2611
0 -10 0.2698
5 -10 0.2806
10 -10 0.2908
15 -10 0.2599
20 -10 0.2371
25 -10 0.2184
30 -10 0.1182
35 -10 0.1029
40 -10 0.0369
45 -10 0.0721
50 -10 0.076
55 -10 0.093
60 -10 0.0952
70 -10 0.0874
80 -10 0.111
90 -10 0.1054
-20 -8 0.1827
-15 -8 0.2011
-10 -8 0.2096
-5 -8 0.2271
0 -8 0.2407
5 -8 0.25
10 -8 0.2407
15 -8 0.2368
20 -8 0.2163
25 -8 0.2124
30 -8 0.1428
35 -8 0.0868
40 -8 0.0042
45 -8 0.0605
50 -8 0.0743
55 -8 0.0694
60 -8 0.0644
70 -8 0.0679
80 -8 0.0902
90 -8 0.0784
-20 -6 0.176
-15 -6 0.1772
-10 -6 0.178
-5 -6 0.1901
0 -6 0.1979
5 -6 0.2038
10 -6 0.1979
15 -6 0.1999
20 -6 0.1941
25 -6 0.1925
30 -6 0.1596
35 -6 0.0927
40 -6 0.0064
45 -6 0.0554
50 -6 0.0617
55 -6 0.0464
60 -6 0.0423
70 -6 0.0561
80 -6 0.0731
90 -6 0.0628
-20 -4 0.1446
-15 -4 0.1445
-10 -4 0.1412
-5 -4 0.1528
0 -4 0.1572
5 -4 0.1616
10 -4 0.1574
15 -4 0.1597
20 -4 0.1455
25 -4 0.1638
30 -4 0.1458
35 -4 0.1048
40 -4 -0.0024
45 -4 0.0611
50 -4 0.0325
55 -4 0.0102
60 -4 0.0019
70 -4 0.0254
80 -4 0.0578
90 -4 0.0482
-20 -2 0.1264
-15 -2 0.1184
-10 -2 0.1105
-5 -2 0.1192
0 -2 0.1202
5 -2 0.119
10 -2 0.1152
15 -2 0.1196
20 -2 0.1181
25 -2 0.1249
30 -2 0.1217
35 -2 0.0829
40 -2 -0.0064
45 -2 0.0425
50 -2 0.029
55 -2 0.0061
60 -2 -0.0112
70 -2 -0.0017
80 -2 0.0328
90 -2 0.0252
-20 0 0.0945
-15 0 0.094
-10 0 0.0931
-5 0 0.0827
0 0 0.0821
5 0 0.0849
10 0 0.0796
15 0 0.0849
20 0 0.0783
25 0 0.0879
30 0 0.093
35 0 0.0593
40 0 -0.0096
45 0 0.0143
50 0 0.0065
55 0 -0.0183
60 0 -0.0357
70 0 -0.0228
80 0 0.021
90 0 0.0064
-20 2 0.0772
-15 2 0.0772
-10 2 0.0779
-5 2 0.0522
0 2 0.0492
5 2 0.05
10 2 0.0456
15 2 0.0492
20 2 0.0473
25 2 0.0546
30 2 0.0568
35 2 0.0439
40 2 -0.0377
45 2 -0.0656
50 2 -0.0306
55 2 -0.0384
60 2 -0.0464
70 2 -0.039
80 2 -0.0034
90 2 -0.0112
-20 4 0.0538
-15 4 0.0562
-10 4 0.054
-5 4 0.0158
0 4 0.0147
5 4 0.0101
10 4 0.0106
15 4 0.0136
20 4 0.0199
25 4 0.0232
30 4 0.0278
35 4 0.0179
40 4 -0.0541
45 4 -0.0957
50 4 -0.0627
55 4 -0.0944
60 4 -0.0974
70 4 -0.0545
80 4 -0.0241
90 4 -0.0323
-20 6 0.032
-15 6 0.0311
-10 6 0.019
-5 6 -0.0255
0 6 -0.0297
5 6 -0.0318
10 6 -0.039
15 6 -0.0333
20 6 -0.0179
25 6 -0.016
30 6 -0.0026
35 6 -0.0112
40 6 -0.085
45 6 -0.1198
50 6 -0.1022
55 6 -0.1225
60 6 -0.1185
70 6 -0.0697
80 6 -0.0535
90 6 -0.0634
-20 8 -0.0018
-15 8 -0.0067
-10 8 -0.0229
-5 8 -0.0703
0 8 -0.0788
5 8 -0.0815
10 8 -0.0855
15 8 -0.077
20 8 -0.0538
25 8 -0.052
30 8 -0.0388
35 8 -0.0407
40 8 -0.1087
45 8 -0.1519
50 8 -0.1332
55 8 -0.1557
60 8 -0.1145
70 8 -0.0898
80 8 -0.0712
90 8 -0.0829
-20 10 -0.0465
-15 10 -0.0436
-10 10 -0.0651
-5 10 -0.1178
0 10 -0.1309
5 10 -0.1332
10 10 -0.1374
15 10 -0.1236
20 10 -0.0913
25 10 -0.0897
30 10 -0.076
35 10 -0.0687
40 10 -0.1438
45 10 -0.1691
50 10 -0.1556
55 10 -0.1753
60 10 -0.1705
70 10 -0.1161
80 10 -0.0992
90 10 -0.1004
-20 15 -0.097
-15 15 -0.083
-10 15 -0.142
-5 15 -0.2213
0 15 -0.2407
5 15 -0.2481
10 15 -0.2443
15 15 -0.228
20 15 -0.2012
25 15 -0.1783
30 15 -0.1488
35 15 -0.157
40 15 -0.1967
45 15 -0.1979
50 15 -0.1912
55 15 -0.2277
60 15 -0.2213
70 15 -0.1731
80 15 -0.1449
90 15 -0.1527
-20 20 -0.153
-15 20 -0.138
-10 20 -0.213
-5 20 -0.3327
0 20 -0.3564
5 20 -0.3668
10 20 -0.3619
15 20 -0.3396
20 20 -0.2911
25 20 -0.2651
30 20 -0.2219
35 20 -0.2196
40 20 -0.226
45 20 -0.1835
50 20 -0.1719
55 20 -0.2434
60 20 -0.2515
70 20 -0.1991
80 20 -0.1978
90 20 -0.1861
-20 25 -0.205
-15 25 -0.193
-10 25 -0.26
-5 25 -0.4
0 25 -0.425
5 25 -0.439
10 25 -0.434
15 25 -0.42
20 25 -0.401
25 25 -0.362
30 25 -0.3
35 25 -0.291
40 25 -0.2711
45 25 -0.2141
50 25 -0.1739
55 25 -0.2003
60 25 -0.216
70 25 -0.2307
80 25 -0.2422
90 25 -0.2362
-20 30 -0.273
-15 30 -0.263
-10 30 -0.317
-5 30 -0.468
0 30 -0.495
5 30 -0.51
10 30 -0.535
15 30 -0.535
20 30 -0.51
25 30 -0.459
30 30 -0.36
35 30 -0.31
40 30 -0.2624
45 30 -0.2827
50 30 -0.219
55 30 -0.24
60 30 -0.2518
70 30 -0.2705
80 30 -0.2889
90 30 -0.2997
