alpha beta ele Cz
-20 -30 -25 1.194
-15 -30 -25 0.996
-10 -30 -25 0.793
-5 -30 -25 0.41
0 -30 -25 0.18
5 -30 -25 -0.09
10 -30 -25 -0.34
15 -30 -25 -0.61
20 -30 -25 -0.87
25 -30 -25 -1.17
30 -30 -25 -1.315
35 -30 -25 -1.52
40 -30 -25 -1.6
45 -30 -25 -1.56
50 -30 -25 -1.3
55 -30 -25 -1.705
60 -30 -25 -1.7
70 -30 -25 -1.69
80 -30 -25 -1.935
90 -30 -25 -1.96
-20 -25 -25 1.272
-15 -25 -25 1.057
-10 -25 -25 0.832
-5 -25 -25 0.41
0 -25 -25 0.155
5 -25 -25 -0.13
10 -25 -25 -0.405
15 -25 -25 -0.665
20 -25 -25 -0.95
25 -25 -25 -1.235
30 -25 -25 -1.38
35 -25 -25 -1.57
40 -25 -25 -1.67
45 -25 -25 -1.615
50 -25 -25 -1.48
55 -25 -25 -1.795
60 -25 -25 -1.74
70 -25 -25 -1.74
80 -25 -25 -1.95
90 -25 -25 -1.935
-20 -20 -25 1.311
-15 -20 -25 1.09
-10 -20 -25 0.841
-5 -20 -25 0.42
0 -20 -25 0.135
5 -20 -25 -0.16
10 -20 -25 -0.46
15 -20 -25 -0.72
20 -20 -25 -1.015
25 -20 -25 -1.295
30 -20 -25 -1.445
35 -20 -25 -1.635
40 -20 -25 -1.73
45 -20 -25 -1.685
50 -20 -25 -1.6
55 -20 -25 -1.825
60 -20 -25 -1.73
70 -20 -25 -1.735
80 -20 -25 -1.945
90 -20 -25 -1.85
-20 -15 -25 1.356
-15 -15 -25 1.121
-10 -15 -25 0.856
-5 -15 -25 0.425
0 -15 -25 0.13
5 -15 -25 -0.18
10 -15 -25 -0.498
15 -15 -25 -0.77
20 -15 -25 -1.08
25 -15 -25 -1.355
30 -15 -25 -1.515
35 -15 -25 -1.71
40 -15 -25 -1.81
45 -15 -25 -1.75
50 -15 -25 -1.72
55 -15 -25 -1.85
60 -15 -25 -1.895
70 -15 -25 -1.83
80 -15 -25 -1.92
90 -15 -25 -1.87
-20 -10 -25 1.396
-15 -10 -25 1.128
-10 -10 -25 0.887
-5 -10 -25 0.451
0 -10 -25 0.141
5 -10 -25 -0.184
10 -10 -25 -0.511
15 -10 -25 -0.806
20 -10 -25 -1.122
25 -10 -25 -1.406
30 -10 -25 -1.581
35 -10 -25 -1.788
40 -10 -25 -1.891
45 -10 -25 -1.854
50 -10 -25 -1.88
55 -10 -25 -1.938
60 -10 -25 -1.933
70 -10 -25 -1.813
80 -10 -25 -1.872
90 -10 -25 -1.953
-20 -8 -25 1.347
-15 -8 -25 1.129
-10 -8 -25 0.8888
-5 -8 -25 0.464
0 -8 -25 0.149
5 -8 -25 -0.186
10 -8 -25 -0.518
15 -8 -25 -0.818
20 -8 -25 -1.137
25 -8 -25 -1.405
30 -8 -25 -1.671
35 -8 -25 -1.818
40 -8 -25 -1.907
45 -8 -25 -1.991
50 -8 -25 -1.924
55 -8 -25 -1.959
60 -8 -25 -1.88
70 -8 -25 -1.864
80 -8 -25 -1.838
90 -8 -25 -2.036
-20 -6 -25 1.339
-15 -6 -25 1.131
-10 -6 -25 0.899
-5 -6 -25 0.474
0 -6 -25 0.154
5 -6 -25 -0.182
10 -6 -25 -0.526
15 -6 -25 -0.837
20 -6 -25 -1.149
25 -6 -25 -1.429
30 -6 -25 -1.697
35 -6 -25 -1.838
40 -6 -25 -1.911
45 -6 -25 -2.033
50 -6 -25 -1.913
55 -6 -25 -2.012
60 -6 -25 -1.907
70 -6 -25 -2.004
80 -6 -25 -1.908
90 -6 -25 -2.013
-20 -4 -25 1.314
-15 -4 -25 1.143
-10 -4 -25 0.909
-5 -4 -25 0.472
0 -4 -25 0.153
5 -4 -25 -0.187
10 -4 -25 -0.535
15 -4 -25 -0.849
20 -4 -25 -1.154
25 -4 -25 -1.441
30 -4 -25 -1.714
35 -4 -25 -1.889
40 -4 -25 -1.983
45 -4 -25 -1.939
50 -4 -25 -1.866
55 -4 -25 -1.999
60 -4 -25 -1.898
70 -4 -25 -1.95
80 -4 -25 -1.949
90 -4 -25 -1.968
-20 -2 -25 1.321
-15 -2 -25 1.158
-10 -2 -25 0.915
-5 -2 -25 0.474
0 -2 -25 0.151
5 -2 -25 -0.187
10 -2 -25 -0.534
15 -2 -25 -0.851
20 -2 -25 -1.156
25 -2 -25 -1.446
30 -2 -25 -1.719
35 -2 -25 -1.91
40 -2 -25 -2.016
45 -2 -25 -2.003
50 -2 -25 -1.879
55 -2 -25 -1.969
60 -2 -25 -1.892
70 -2 -25 -1.925
80 -2 -25 -1.826
90 -2 -25 -1.99
-20 0 -25 1.315
-15 0 -25 1.171
-10 0 -25 0.925
-5 0 -25 0.469
0 0 -25 0.155
5 0 -25 -0.189
10 0 -25 -0.53
15 0 -25 -0.856
20 0 -25 -1.169
25 0 -25 -1.446
30 0 -25 -1.717
35 0 -25 -1.909
40 0 -25 -2.037
45 0 -25 -1.985
50 0 -25 -1.959
55 0 -25 -2.01
60 0 -25 -1.916
70 0 -25 -1.957
80 0 -25 -1.816
90 0 -25 -1.978
-20 2 -25 1.337
-15 2 -25 1.177
-10 2 -25 0.91
-5 2 -25 0.46
0 2 -25 0.154
5 2 -25 -0.193
10 2 -25 -0.532
15 2 -25 -0.854
20 2 -25 -1.151
25 2 -25 -1.452
30 2 -25 -1.72
35 2 -25 -1.909
40 2 -25 -1.932
45 2 -25 -2.02
50 2 -25 -1.992
55 2 -25 -1.965
60 2 -25 -1.936
70 2 -25 -1.905
80 2 -25 -1.837
90 2 -25 -1.957
-20 4 -25 1.332
-15 4 -25 1.142
-10 4 -25 0.892
-5 4 -25 0.454
0 4 -25 0.151
5 4 -25 -0.191
10 4 -25 -0.525
15 4 -25 -0.855
20 4 -25 -1.148
25 4 -25 -1.449
30 4 -25 -1.709
35 4 -25 -1.893
40 4 -25 -1.99
45 4 -25 -2.04
50 4 -25 -2.017
55 4 -25 -1.847
60 4 -25 -1.877
70 4 -25 -1.833
80 4 -25 -1.755
90 4 -25 -1.956
-20 6 -25 1.34
-15 6 -25 1.148
-10 6 -25 0.889
-5 6 -25 0.447
0 6 -25 0.147
5 6 -25 -0.193
10 6 -25 -0.52
15 6 -25 -0.855
20 6 -25 -1.146
25 6 -25 -1.455
30 6 -25 -1.684
35 6 -25 -1.891
40 6 -25 -1.969
45 6 -25 -1.913
50 6 -25 -2.03
55 6 -25 -1.895
60 6 -25 -1.933
70 6 -25 -1.932
80 6 -25 -1.848
90 6 -25 -1.962
-20 8 -25 1.338
-15 8 -25 1.131
-10 8 -25 0.881
-5 8 -25 0.446
0 8 -25 0.138
5 8 -25 -0.195
10 8 -25 -0.521
15 8 -25 -0.836
20 8 -25 -1.135
25 8 -25 -1.44
30 8 -25 -1.67
35 8 -25 -1.846
40 8 -25 -1.836
45 8 -25 -1.918
50 8 -25 -1.942
55 8 -25 -1.928
60 8 -25 -1.952
70 8 -25 -1.952
80 8 -25 -1.858
90 8 -25 -2.048
-20 10 -25 1.294
-15 10 -25 1.137
-10 10 -25 0.875
-5 10 -25 0.44
0 10 -25 0.129
5 10 -25 -0.194
10 10 -25 -0.515
15 10 -25 -0.827
20 10 -25 -1.129
25 10 -25 -1.415
30 10 -25 -1.651
35 10 -25 -1.8
40 10 -25 -1.918
45 10 -25 -1.946
50 10 -25 -2.002
55 10 -25 -1.965
60 10 -25 -1.915
70 10 -25 -1.893
80 10 -25 -1.774
90 10 -25 -1.97
-20 15 -25 1.235
-15 15 -25 1.13
-10 15 -25 0.835
-5 15 -25 0.424
0 15 -25 0.119
5 15 -25 -0.187
10 15 -25 -0.498
15 15 -25 -0.801
20 15 -25 -1.077
25 15 -25 -1.356
30 15 -25 -1.58
35 15 -25 -1.721
40 15 -25 -1.839
45 15 -25 -1.911
50 15 -25 -1.87
55 15 -25 -1.755
60 15 -25 -1.78
70 15 -25 -1.8
80 15 -25 -1.81
90 15 -25 -1.895
-20 20 -25 1.185
-15 20 -25 1.1
-10 20 -25 0.821
-5 20 -25 0.405
0 20 -25 0.137
5 20 -25 -0.171
10 20 -25 -0.465
15 20 -25 -0.738
20 20 -25 -0.994
25 20 -25 -1.288
30 20 -25 -1.477
35 20 -25 -1.64
40 20 -25 -1.755
45 20 -25 -1.824
50 20 -25 -1.738
55 20 -25 -1.697
60 20 -25 -1.75
70 20 -25 -1.853
80 20 -25 -1.864
90 20 -25 -1.89
-20 25 -25 1.14
-15 25 -25 1.06
-10 25 -25 0.815
-5 25 -25 0.394
0 25 -25 0.123
5 25 -25 -0.133
10 25 -25 -0.402
15 25 -25 -0.664
20 25 -25 -0.943
25 25 -25 -1.217
30 25 -25 -1.463
35 25 -25 -1.59
40 25 -25 -1.671
45 25 -25 -1.689
50 25 -25 -1.623
55 25 -25 -1.706
60 25 -25 -1.75
70 25 -25 -1.799
80 25 -25 -1.885
90 25 -25 -1.969
-20 30 -25 1.1
-15 30 -25 1.005
-10 30 -25 0.78
-5 30 -25 0.403
0 30 -25 0.159
5 30 -25 -0.099
10 30 -25 -0.341
15 30 -25 -0.602
20 30 -25 -0.873
25 30 -25 -1.167
30 30 -25 -1.389
35 30 -25 -1.531
40 30 -25 -1.63
45 30 -25 -1.663
50 30 -25 -1.447
55 30 -25 -1.618
60 30 -25 -1.688
70 30 -25 -1.791
80 30 -25 -1.834
90 30 -25 -1.97
-20 -30 -10 1.149
-15 -30 -10 0.948
-10 -30 -10 0.755
-5 -30 -10 0.32
0 -30 -10 0.086
5 -30 -10 -0.192
10 -30 -10 -0.455
15 -30 -10 -0.714
20 -30 -10 -1.005
25 -30 -10 -1.313
30 -30 -10 -1.418
35 -30 -10 -1.542
40 -30 -10 -1.671
45 -30 -10 -1.615
50 -30 -10 -1.406
55 -30 -10 -1.688
60 -30 -10 -1.724
70 -30 -10 -1.743
80 -30 -10 -1.935
90 -30 -10 -1.99
-20 -25 -10 1.214
-15 -25 -10 0.995
-10 -25 -10 0.778
-5 -25 -10 0.32
0 -25 -10 0.061
5 -25 -10 -0.232
10 -25 -10 -0.522
15 -25 -10 -0.784
20 -25 -10 -1.088
25 -25 -10 -1.378
30 -25 -10 -1.498
35 -25 -10 -1.629
40 -25 -10 -1.768
45 -25 -10 -1.577
50 -25 -10 -1.592
55 -25 -10 -1.738
60 -25 -10 -1.793
70 -25 -10 -1.754
80 -25 -10 -1.993
90 -25 -10 -2.009
-20 -20 -10 1.264
-15 -20 -10 1.021
-10 -20 -10 0.777
-5 -20 -10 0.327
0 -20 -10 0.041
5 -20 -10 -0.262
10 -20 -10 -0.575
15 -20 -10 -0.846
20 -20 -10 -1.161
25 -20 -10 -1.445
30 -20 -10 -1.578
35 -20 -10 -1.719
40 -20 -10 -1.862
45 -20 -10 -1.77
50 -20 -10 -1.716
55 -20 -10 -1.721
60 -20 -10 -1.8
70 -20 -10 -1.811
80 -20 -10 -1.979
90 -20 -10 -1.95
-20 -15 -10 1.294
-15 -15 -10 1.047
-10 -15 -10 0.788
-5 -15 -10 0.332
0 -15 -10 0.039
5 -15 -10 -0.279
10 -15 -10 -0.611
15 -15 -10 -0.898
20 -15 -10 -1.223
25 -15 -10 -1.509
30 -15 -10 -1.663
35 -15 -10 -1.819
40 -15 -10 -1.967
45 -15 -10 -1.963
50 -15 -10 -1.944
55 -15 -10 -1.809
60 -15 -10 -1.756
70 -15 -10 -1.781
80 -15 -10 -1.991
90 -15 -10 -1.979
-20 -10 -10 1.327
-15 -10 -10 1.043
-10 -10 -10 0.801
-5 -10 -10 0.35
0 -10 -10 0.052
5 -10 -10 -0.28
10 -10 -10 -0.624
15 -10 -10 -0.933
20 -10 -10 -1.263
25 -10 -10 -1.56
30 -10 -10 -1.746
35 -10 -10 -1.919
40 -10 -10 -2.074
45 -10 -10 -2.13
50 -10 -10 -2.026
55 -10 -10 -2.014
60 -10 -10 -1.949
70 -10 -10 -1.839
80 -10 -10 -1.928
90 -10 -10 -2.006
-20 -8 -10 1.283
-15 -8 -10 1.04
-10 -8 -10 0.799
-5 -8 -10 0.365
0 -8 -10 0.056
5 -8 -10 -0.284
10 -8 -10 -0.632
15 -8 -10 -0.949
20 -8 -10 -1.284
25 -8 -10 -1.566
30 -8 -10 -1.825
35 -8 -10 -1.977
40 -8 -10 -2.077
45 -8 -10 -2.217
50 -8 -10 -2.081
55 -8 -10 -2.048
60 -8 -10 -1.923
70 -8 -10 -1.897
80 -8 -10 -1.877
90 -8 -10 -2.085
-20 -6 -10 1.266
-15 -6 -10 1.037
-10 -6 -10 0.803
-5 -6 -10 0.37
0 -6 -10 0.062
5 -6 -10 -0.281
10 -6 -10 -0.641
15 -6 -10 -0.967
20 -6 -10 -1.299
25 -6 -10 -1.583
30 -6 -10 -1.848
35 -6 -10 -2.033
40 -6 -10 -2.151
45 -6 -10 -2.184
50 -6 -10 -2.081
55 -6 -10 -2.112
60 -6 -10 -1.975
70 -6 -10 -2.004
80 -6 -10 -1.931
90 -6 -10 -2.019
-20 -4 -10 1.245
-15 -4 -10 1.042
-10 -4 -10 0.804
-5 -4 -10 0.372
0 -4 -10 0.062
5 -4 -10 -0.287
10 -4 -10 -0.647
15 -4 -10 -0.976
20 -4 -10 -1.306
25 -4 -10 -1.59
30 -4 -10 -1.861
35 -4 -10 -2.064
40 -4 -10 -2.184
45 -4 -10 -2.216
50 -4 -10 -2.033
55 -4 -10 -2.1
60 -4 -10 -1.99
70 -4 -10 -1.999
80 -4 -10 -1.981
90 -4 -10 -2.007
-20 -2 -10 1.234
-15 -2 -10 1.05
-10 -2 -10 0.812
-5 -2 -10 0.357
0 -2 -10 0.061
5 -2 -10 -0.287
10 -2 -10 -0.65
15 -2 -10 -0.977
20 -2 -10 -1.302
25 -2 -10 -1.595
30 -2 -10 -1.861
35 -2 -10 -2.079
40 -2 -10 -2.199
45 -2 -10 -2.306
50 -2 -10 -2.031
55 -2 -10 -2.058
60 -2 -10 -2.005
70 -2 -10 -1.986
80 -2 -10 -1.892
90 -2 -10 -2.019
-20 0 -10 1.228
-15 0 -10 1.059
-10 0 -10 0.815
-5 0 -10 0.356
0 0 -10 0.064
5 0 -10 -0.287
10 0 -10 -0.65
15 0 -10 -0.98
20 0 -10 -1.306
25 0 -10 -1.594
30 0 -10 -1.863
35 0 -10 -2.09
40 0 -10 -2.216
45 0 -10 -2.263
50 0 -10 -2.097
55 0 -10 -2.088
60 0 -10 -2.051
70 0 -10 -2.027
80 0 -10 -1.916
90 0 -10 -1.998
-20 2 -10 1.258
-15 2 -10 1.066
-10 2 -10 0.813
-5 2 -10 0.352
0 2 -10 0.062
5 2 -10 -0.289
10 2 -10 -0.651
15 2 -10 -0.98
20 2 -10 -1.292
25 2 -10 -1.597
30 2 -10 -1.863
35 2 -10 -2.081
40 2 -10 -2.192
45 2 -10 -2.304
50 2 -10 -2.118
55 2 -10 -2.067
60 2 -10 -2.021
70 2 -10 -1.943
80 2 -10 -1.938
90 2 -10 -1.99
-20 4 -10 1.257
-15 4 -10 1.048
-10 4 -10 0.805
-5 4 -10 0.349
0 4 -10 0.061
5 4 -10 -0.291
10 4 -10 -0.646
15 4 -10 -0.978
20 4 -10 -1.289
25 4 -10 -1.595
30 4 -10 -1.856
35 4 -10 -2.075
40 4 -10 -2.194
45 4 -10 -2.304
50 4 -10 -2.131
55 4 -10 -1.972
60 4 -10 -1.914
70 4 -10 -1.835
80 4 -10 -1.856
90 4 -10 -2.004
-20 6 -10 1.268
-15 6 -10 1.051
-10 6 -10 0.804
-5 6 -10 0.343
0 6 -10 0.058
5 6 -10 -0.289
10 6 -10 -0.642
15 6 -10 -0.977
20 6 -10 -1.287
25 6 -10 -1.595
30 6 -10 -1.836
35 6 -10 -2.067
40 6 -10 -2.084
45 6 -10 -2.242
50 6 -10 -2.142
55 6 -10 -2.016
60 6 -10 -1.956
70 6 -10 -1.925
80 6 -10 -1.943
90 6 -10 -2.036
-20 8 -10 1.265
-15 8 -10 1.04
-10 8 -10 0.8
-5 8 -10 0.337
0 8 -10 0.053
5 8 -10 -0.291
10 8 -10 -0.638
15 8 -10 -0.963
20 8 -10 -1.279
25 8 -10 -1.584
30 8 -10 -1.816
35 8 -10 -2.034
40 8 -10 -2.11
45 8 -10 -2.235
50 8 -10 -2.062
55 8 -10 -2.019
60 8 -10 -1.998
70 8 -10 -1.993
80 8 -10 -1.947
90 8 -10 -2.102
-20 10 -10 1.236
-15 10 -10 1.053
-10 10 -10 0.797
-5 10 -10 0.328
0 10 -10 0.047
5 10 -10 -0.293
10 10 -10 -0.635
15 10 -10 -0.951
20 10 -10 -1.266
25 10 -10 -1.566
30 10 -10 -1.795
35 10 -10 -1.989
40 10 -10 -2.111
45 10 -10 -2.21
50 10 -10 -2.129
55 10 -10 -2.025
60 10 -10 -1.985
70 10 -10 -1.921
80 10 -10 -1.848
90 10 -10 -2.003
-20 15 -10 1.196
-15 15 -10 1.051
-10 15 -10 0.776
-5 15 -10 0.317
0 15 -10 0.035
5 15 -10 -0.292
10 15 -10 -0.622
15 15 -10 -0.923
20 15 -10 -1.22
25 15 -10 -1.505
30 15 -10 -1.735
35 15 -10 -1.896
40 15 -10 -1.996
45 15 -10 -2.121
50 15 -10 -2.047
55 15 -10 -1.82
60 15 -10 -1.792
70 15 -10 -1.863
80 15 -10 -1.911
90 15 -10 -1.976
-20 20 -10 1.154
-15 20 -10 1.031
-10 20 -10 0.769
-5 20 -10 0.309
0 20 -10 0.049
5 20 -10 -0.275
10 20 -10 -0.587
15 20 -10 -0.864
20 20 -10 -1.146
25 20 -10 -1.445
30 20 -10 -1.613
35 20 -10 -1.8
40 20 -10 -1.9
45 20 -10 -1.891
50 20 -10 -1.819
55 20 -10 -1.732
60 20 -10 -1.836
70 20 -10 -1.893
80 20 -10 -1.899
90 20 -10 -1.947
-20 25 -10 1.109
-15 25 -10 0.999
-10 25 -10 0.765
-5 25 -10 0.295
0 25 -10 0.044
5 25 -10 -0.244
10 25 -10 -0.524
15 25 -10 -0.79
20 25 -10 -1.09
25 25 -10 -1.374
30 25 -10 -1.557
35 25 -10 -1.696
40 25 -10 -1.787
45 25 -10 -1.654
50 25 -10 -1.695
55 25 -10 -1.749
60 25 -10 -1.829
70 25 -10 -1.836
80 25 -10 -1.913
90 25 -10 -2.006
-20 30 -10 1.063
-15 30 -10 0.955
-10 30 -10 0.747
-5 30 -10 0.306
0 30 -10 0.076
5 30 -10 -0.205
10 30 -10 -0.463
15 30 -10 -0.717
20 30 -10 -1.005
25 30 -10 -1.307
30 30 -10 -1.47
35 30 -10 -1.613
40 30 -10 -1.702
45 30 -10 -1.696
50 30 -10 -1.509
55 30 -10 -1.669
60 30 -10 -1.76
70 30 -10 -1.825
80 30 -10 -1.855
90 30 -10 -1.987
-20 -30 0 1.091
-15 -30 0 0.905
-10 -30 0 0.713
-5 -30 0 0.265
0 -30 0 -0.006
5 -30 0 -0.275
10 -30 0 -0.55
15 -30 0 -0.825
20 -30 0 -1.115
25 -30 0 -1.375
30 -30 0 -1.52
35 -30 0 -1.555
40 -30 0 -1.715
45 -30 0 -1.625
50 -30 0 -1.57
55 -30 0 -1.775
60 -30 0 -1.9
70 -30 0 -1.93
80 -30 0 -2
90 -30 0 -1.96
-20 -25 0 1.14
-15 -25 0 0.939
-10 -25 0 0.718
-5 -25 0 0.265
0 -25 0 -0.03
5 -25 0 -0.315
10 -25 0 -0.62
15 -25 0 -0.91
20 -25 0 -1.2
25 -25 0 -1.44
30 -25 0 -1.615
35 -25 0 -1.665
40 -25 0 -1.83
45 -25 0 -1.57
50 -25 0 -1.735
55 -25 0 -1.9
60 -25 0 -1.935
70 -25 0 -1.945
80 -25 0 -2.045
90 -25 0 -1.95
-20 -20 0 1.203
-15 -20 0 0.959
-10 -20 0 0.706
-5 -20 0 0.27
0 -20 0 -0.05
5 -20 0 -0.345
10 -20 0 -0.67
15 -20 0 -0.98
20 -20 0 -1.28
25 -20 0 -1.51
30 -20 0 -1.71
35 -20 0 -1.77
40 -20 0 -1.945
45 -20 0 -1.785
50 -20 0 -1.9
55 -20 0 -1.97
60 -20 0 -1.96
70 -20 0 -1.94
80 -20 0 -2.075
90 -20 0 -1.9
-20 -15 0 1.215
-15 -15 0 0.98
-10 -15 0 0.711
-5 -15 0 0.275
0 -15 0 -0.05
5 -15 0 -0.36
10 -15 0 -0.705
15 -15 0 -1.035
20 -15 0 -1.34
25 -15 0 -1.575
30 -15 0 -1.81
35 -15 0 -1.885
40 -15 0 -2.065
45 -15 0 -2
50 -15 0 -2.05
55 -15 0 -2.055
60 -15 0 -1.995
70 -15 0 -1.92
80 -15 0 -2.08
90 -15 0 -2.01
-20 -10 0 1.239
-15 -10 0 0.967
-10 -10 0 0.705
-5 -10 0 0.288
0 -10 0 -0.036
5 -10 0 -0.359
10 -10 0 -0.719
15 -10 0 -1.069
20 -10 0 -1.379
25 -10 0 -1.626
30 -10 0 -1.91
35 -10 0 -1.998
40 -10 0 -2.188
45 -10 0 -2.178
50 -10 0 -2.165
55 -10 0 -2.176
60 -10 0 -2.128
70 -10 0 -1.929
80 -10 0 -2.045
90 -10 0 -2.06
-20 -8 0 1.201
-15 -8 0 0.96
-10 -8 0 0.699
-5 -8 0 0.305
0 -8 0 -0.035
5 -8 0 -0.364
10 -8 0 -0.727
15 -8 0 -1.089
20 -8 0 -1.405
25 -8 0 -1.635
30 -8 0 -1.977
35 -8 0 -2.073
40 -8 0 -2.183
45 -8 0 -2.272
50 -8 0 -2.254
55 -8 0 -2.184
60 -8 0 -2.111
70 -8 0 -2.021
80 -8 0 -1.994
90 -8 0 -2.158
-20 -6 0 1.171
-15 -6 0 0.954
-10 -6 0 0.696
-5 -6 0 0.306
0 -6 0 -0.028
5 -6 0 -0.362
10 -6 0 -0.737
15 -6 0 -1.105
20 -6 0 -1.421
25 -6 0 -1.65
30 -6 0 -1.997
35 -6 0 -2.152
40 -6 0 -2.301
45 -6 0 -2.21
50 -6 0 -2.288
55 -6 0 -2.223
60 -6 0 -2.173
70 -6 0 -2.161
80 -6 0 -2.048
90 -6 0 -2.112
-20 -4 0 1.157
-15 -4 0 0.951
-10 -4 0 0.687
-5 -4 0 0.311
0 -4 0 -0.027
5 -4 0 -0.368
10 -4 0 -0.741
15 -4 0 -1.111
20 -4 0 -1.431
25 -4 0 -1.655
30 -4 0 -2.006
35 -4 0 -2.171
40 -4 0 -2.31
45 -4 0 -2.264
50 -4 0 -2.258
55 -4 0 -2.211
60 -4 0 -2.183
70 -4 0 -2.16
80 -4 0 -2.092
90 -4 0 -2.117
-20 -2 0 1.122
-15 -2 0 0.953
-10 -2 0 0.697
-5 -2 0 0.285
0 -2 0 -0.027
5 -2 0 -0.368
10 -2 0 -0.747
15 -2 0 -1.111
20 -2 0 -1.422
25 -2 0 -1.659
30 -2 0 -2.002
35 -2 0 -2.182
40 -2 0 -2.314
45 -2 0 -2.358
50 -2 0 -2.258
55 -2 0 -2.196
60 -2 0 -2.181
70 -2 0 -2.12
80 -2 0 -1.992
90 -2 0 -2.145
-20 0 0 1.116
-15 0 0 0.959
-10 0 0 0.692
-5 0 0 0.287
0 0 0 -0.025
5 0 0 -0.367
10 0 0 -0.75
15 0 0 -1.112
20 0 0 -1.418
25 0 0 -1.658
30 0 0 -2.008
35 0 0 -2.2
40 0 0 -2.328
45 0 0 -2.311
50 0 0 -2.326
55 0 0 -2.252
60 0 0 -2.208
70 0 0 -2.134
80 0 0 -2.004
90 0 0 -2.14
-20 2 0 1.156
-15 2 0 0.966
-10 2 0 0.705
-5 2 0 0.286
0 2 0 -0.028
5 2 0 -0.368
10 2 0 -0.75
15 2 0 -1.112
20 2 0 -1.408
25 2 0 -1.66
30 2 0 -2.006
35 2 0 -2.186
40 2 0 -2.355
45 2 0 -2.353
50 2 0 -2.312
55 2 0 -2.235
60 2 0 -2.19
70 2 0 -2.085
80 2 0 -2.019
90 2 0 -2.113
-20 4 0 1.16
-15 4 0 0.964
-10 4 0 0.708
-5 4 0 0.285
0 4 0 -0.028
5 4 0 -0.372
10 4 0 -0.746
15 4 0 -1.108
20 4 0 -1.405
25 4 0 -1.658
30 4 0 -2.001
35 4 0 -2.186
40 4 0 -2.321
45 4 0 -2.35
50 4 0 -2.29
55 4 0 -2.145
60 4 0 -2.094
70 4 0 -2.011
80 4 0 -1.93
90 4 0 -2.107
-20 6 0 1.175
-15 6 0 0.965
-10 6 0 0.71
-5 6 0 0.28
0 6 0 -0.029
5 6 0 -0.368
10 6 0 -0.744
15 6 0 -1.106
20 6 0 -1.403
25 6 0 -1.655
30 6 0 -1.981
35 6 0 -2.174
40 6 0 -2.156
45 6 0 -2.299
50 6 0 -2.277
55 6 0 -2.182
60 6 0 -2.131
70 6 0 -2.108
80 6 0 -2.014
90 6 0 -2.101
-20 8 0 1.172
-15 8 0 0.959
-10 8 0 0.71
-5 8 0 0.271
0 8 0 -0.031
5 8 0 -0.37
10 8 0 -0.736
15 8 0 -1.098
20 8 0 -1.396
25 8 0 -1.646
30 8 0 -1.961
35 8 0 -2.149
40 8 0 -2.281
45 8 0 -2.29
50 8 0 -2.184
55 8 0 -2.165
60 8 0 -2.15
70 8 0 -2.125
80 8 0 -2.018
90 8 0 -2.169
-20 10 0 1.161
-15 10 0 0.978
-10 10 0 0.709
-5 10 0 0.26
0 10 0 -0.034
5 10 0 -0.373
10 10 0 -0.735
15 10 0 -1.083
20 10 0 -1.382
25 10 0 -1.631
30 10 0 -1.939
35 10 0 -2.104
40 10 0 -2.231
45 10 0 -2.255
50 10 0 -2.239
55 10 0 -2.152
60 10 0 -2.114
70 10 0 -2.063
80 10 0 -1.919
90 10 0 -2.073
-20 15 0 1.145
-15 15 0 0.98
-10 15 0 0.71
-5 15 0 0.251
0 15 0 -0.048
5 15 0 -0.377
10 15 0 -0.725
15 15 0 -1.053
20 15 0 -1.336
25 15 0 -1.57
30 15 0 -1.888
35 15 0 -2.002
40 15 0 -2.095
45 15 0 -2.157
50 15 0 -2.109
55 15 0 -2.025
60 15 0 -1.99
70 15 0 -1.97
80 15 0 -2
90 15 0 -2.074
-20 20 0 1.115
-15 20 0 0.97
-10 20 0 0.71
-5 20 0 0.251
0 20 0 -0.037
5 20 0 -0.36
10 20 0 -0.689
15 20 0 -0.999
20 20 0 -1.271
25 20 0 -1.513
30 20 0 -1.799
35 20 0 -1.897
40 20 0 -1.991
45 20 0 -2.002
50 20 0 -1.986
55 20 0 -1.965
60 20 0 -1.986
70 20 0 -2.016
80 20 0 -2.034
90 20 0 -2.038
-20 25 0 1.07
-15 25 0 0.945
-10 25 0 0.71
-5 25 0 0.234
0 25 0 -0.033
5 25 0 -0.335
10 25 0 -0.626
15 25 0 -0.924
20 25 0 -1.21
25 25 0 -1.442
30 25 0 -1.651
35 25 0 -1.76
40 25 0 -1.86
45 25 0 -1.648
50 25 0 -1.848
55 25 0 -1.931
60 25 0 -1.962
70 25 0 -1.947
80 25 0 -2.032
90 25 0 -2.088
-20 30 0 1.015
-15 30 0 0.91
-10 30 0 0.71
-5 30 0 0.247
0 30 0 -0.006
5 30 0 -0.292
10 30 0 -0.564
15 30 0 -0.84
20 30 0 -1.113
25 30 0 -1.367
30 30 0 -1.55
35 30 0 -1.663
40 30 0 -1.747
45 30 0 -1.702
50 30 0 -1.649
55 30 0 -1.8
60 30 0 -1.876
70 30 0 -1.924
80 30 0 -1.958
90 30 0 -2.06
-20 -30 10 1.021
-15 -30 10 0.815
-10 -30 10 0.622
-5 -30 10 0.181
0 -30 10 -0.069
5 -30 10 -0.339
10 -30 10 -0.585
15 -30 10 -0.843
20 -30 10 -1.104
25 -30 10 -1.362
30 -30 10 -1.52
35 -30 10 -1.69
40 -30 10 -1.849
45 -30 10 -1.59
50 -30 10 -1.707
55 -30 10 -1.735
60 -30 10 -1.799
70 -30 10 -1.753
80 -30 10 -2.067
90 -30 10 -2.008
-20 -25 10 1.066
-15 -25 10 0.838
-10 -25 10 0.618
-5 -25 10 0.176
0 -25 10 -0.1
5 -25 10 -0.4
10 -25 10 -0.63
15 -25 10 -0.947
20 -25 10 -1.2
25 -25 10 -1.458
30 -25 10 -1.63
35 -25 10 -1.856
40 -25 10 -1.949
45 -25 10 -1.484
50 -25 10 -1.891
55 -25 10 -1.838
60 -25 10 -1.889
70 -25 10 -1.752
80 -25 10 -2.123
90 -25 10 -2.02
-20 -20 10 1.116
-15 -20 10 0.846
-10 -20 10 0.603
-5 -20 10 0.179
0 -20 10 -0.125
5 -20 10 -0.444
10 -20 10 -0.715
15 -20 10 -1.031
20 -20 10 -1.287
25 -20 10 -1.56
30 -20 10 -1.74
35 -20 10 -2.006
40 -20 10 -2.054
45 -20 10 -1.741
50 -20 10 -2.013
55 -20 10 -1.844
60 -20 10 -1.917
70 -20 10 -1.797
80 -20 10 -2.107
90 -20 10 -1.955
-20 -15 10 1.126
-15 -15 10 0.863
-10 -15 10 0.609
-5 -15 10 0.184
0 -15 10 -0.131
5 -15 10 -0.474
10 -15 10 -0.768
15 -15 10 -1.097
20 -15 10 -1.356
25 -15 10 -1.655
30 -15 10 -1.854
35 -15 10 -2.136
40 -15 10 -2.169
45 -15 10 -2
50 -15 10 -2.255
55 -15 10 -1.904
60 -15 10 -1.942
70 -15 10 -1.779
80 -15 10 -2.145
90 -15 10 -2.076
-20 -10 10 1.139
-15 -10 10 0.854
-10 -10 10 0.606
-5 -10 10 0.198
0 -10 10 -0.122
5 -10 10 -0.48
10 -10 10 -0.806
15 -10 10 -1.133
20 -10 10 -1.404
25 -10 10 -1.741
30 -10 10 -1.968
35 -10 10 -2.252
40 -10 10 -2.29
45 -10 10 -2.193
50 -10 10 -2.141
55 -10 10 -2.133
60 -10 10 -2.097
70 -10 10 -1.987
80 -10 10 -2.053
90 -10 10 -2.026
-20 -8 10 1.108
-15 -8 10 0.848
-10 -8 10 0.602
-5 -8 10 0.212
0 -8 10 -0.12
5 -8 10 -0.48
10 -8 10 -0.81
15 -8 10 -1.147
20 -8 10 -1.431
25 -8 10 -1.771
30 -8 10 -2.037
35 -8 10 -2.255
40 -8 10 -2.361
45 -8 10 -2.279
50 -8 10 -2.2
55 -8 10 -2.159
60 -8 10 -2.065
70 -8 10 -2.048
80 -8 10 -1.911
90 -8 10 -2.116
-20 -6 10 1.103
-15 -6 10 0.844
-10 -6 10 0.599
-5 -6 10 0.213
0 -6 10 -0.114
5 -6 10 -0.481
10 -6 10 -0.824
15 -6 10 -1.167
20 -6 10 -1.446
25 -6 10 -1.771
30 -6 10 -2.07
35 -6 10 -2.26
40 -6 10 -2.343
45 -6 10 -2.186
50 -6 10 -2.204
55 -6 10 -2.217
60 -6 10 -2.112
70 -6 10 -2.157
80 -6 10 -1.974
90 -6 10 -2.061
-20 -4 10 1.07
-15 -4 10 0.841
-10 -4 10 0.592
-5 -4 10 0.215
0 -4 10 -0.112
5 -4 10 -0.486
10 -4 10 -0.833
15 -4 10 -1.175
20 -4 10 -1.453
25 -4 10 -1.782
30 -4 10 -2.081
35 -4 10 -2.326
40 -4 10 -2.375
45 -4 10 -2.262
50 -4 10 -2.165
55 -4 10 -2.209
60 -4 10 -2.123
70 -4 10 -2.149
80 -4 10 -2.024
90 -4 10 -2.057
-20 -2 10 1.041
-15 -2 10 0.846
-10 -2 10 0.6
-5 -2 10 0.202
0 -2 10 -0.115
5 -2 10 -0.487
10 -2 10 -0.844
15 -2 10 -1.182
20 -2 10 -1.445
25 -2 10 -1.794
30 -2 10 -2.083
35 -2 10 -2.317
40 -2 10 -2.284
45 -2 10 -2.395
50 -2 10 -2.179
55 -2 10 -2.184
60 -2 10 -2.14
70 -2 10 -2.048
80 -2 10 -1.926
90 -2 10 -2.073
-20 0 10 1.039
-15 0 10 0.849
-10 0 10 0.596
-5 0 10 0.205
0 0 10 -0.114
5 0 10 -0.49
10 0 10 -0.849
15 0 10 -1.177
20 0 10 -1.442
25 0 10 -1.789
30 0 10 -2.082
35 0 10 -2.308
40 0 10 -2.411
45 0 10 -2.306
50 0 10 -2.261
55 0 10 -2.231
60 0 10 -2.185
70 0 10 -2.268
80 0 10 -1.94
90 0 10 -2.057
-20 2 10 1.071
-15 2 10 0.856
-10 2 10 0.605
-5 2 10 0.202
0 2 10 -0.117
5 2 10 -0.49
10 2 10 -0.851
15 2 10 -1.171
20 2 10 -1.435
25 2 10 -1.787
30 2 10 -2.08
35 2 10 -2.355
40 2 10 -2.419
45 2 10 -2.373
50 2 10 -2.283
55 2 10 -2.186
60 2 10 -2.164
70 2 10 -2.178
80 2 10 -1.967
90 2 10 -2.034
-20 4 10 1.076
-15 4 10 0.852
-10 4 10 0.607
-5 4 10 0.198
0 4 10 -0.117
5 4 10 -0.504
10 4 10 -0.842
15 4 10 -1.176
20 4 10 -1.43
25 4 10 -1.791
30 4 10 -2.07
35 4 10 -2.341
40 4 10 -2.402
45 4 10 -2.369
50 4 10 -2.281
55 4 10 -2.068
60 4 10 -2.065
70 4 10 -2.064
80 4 10 -1.891
90 4 10 -2.033
-20 6 10 1.089
-15 6 10 0.853
-10 6 10 0.609
-5 6 10 0.192
0 6 10 -0.121
5 6 10 -0.496
10 6 10 -0.846
15 6 10 -1.175
20 6 10 -1.434
25 6 10 -1.775
30 6 10 -2.054
35 6 10 -2.302
40 6 10 -2.345
45 6 10 -2.295
50 6 10 -2.294
55 6 10 -2.115
60 6 10 -2.107
70 6 10 -2.142
80 6 10 -1.978
90 6 10 -2.03
-20 8 10 1.086
-15 8 10 0.848
-10 8 10 0.609
-5 8 10 0.183
0 8 10 -0.123
5 8 10 -0.491
10 8 10 -0.831
15 8 10 -1.171
20 8 10 -1.428
25 8 10 -1.775
30 8 10 -2.039
35 8 10 -2.259
40 8 10 -2.333
45 8 10 -2.293
50 8 10 -2.182
55 8 10 -2.145
60 8 10 -2.142
70 8 10 -2.161
80 8 10 -1.976
90 8 10 -2.095
-20 10 10 1.078
-15 10 10 0.863
-10 10 10 0.609
-5 10 10 0.18
0 10 10 -0.126
5 10 10 -0.493
10 10 10 -0.825
15 10 10 -1.158
20 10 10 -1.414
25 10 10 -1.76
30 10 10 -2.016
35 10 10 -2.219
40 10 10 -2.303
45 10 10 -2.262
50 10 10 -2.218
55 10 10 -2.18
60 10 10 -2.121
70 10 10 -2.102
80 10 10 -1.872
90 10 10 -1.996
-20 15 10 1.07
-15 15 10 0.863
-10 15 10 0.607
-5 15 10 0.165
0 15 10 -0.134
5 15 10 -0.483
10 15 10 -0.801
15 15 10 -1.12
20 15 10 -1.357
25 15 10 -1.646
30 15 10 -1.929
35 15 10 -2.081
40 15 10 -2.163
45 15 10 -2.175
50 15 10 -2.178
55 15 10 -1.951
60 15 10 -1.966
70 15 10 -1.894
80 15 10 -1.964
90 15 10 -2.046
-20 20 10 1.046
-15 20 10 0.856
-10 20 10 0.607
-5 20 10 0.163
0 20 10 -0.122
5 20 10 -0.458
10 20 10 -0.752
15 20 10 -1.047
20 20 10 -1.286
25 20 10 -1.582
30 20 10 -1.79
35 20 10 -1.938
40 20 10 -2.065
45 20 10 -1.993
50 20 10 -1.936
55 20 10 -1.891
60 20 10 -1.941
70 20 10 -1.912
80 20 10 -1.926
90 20 10 -1.925
-20 25 10 1.007
-15 25 10 0.841
-10 25 10 0.611
-5 25 10 0.155
0 25 10 -0.109
5 25 10 -0.412
10 25 10 -0.676
15 25 10 -0.954
20 25 10 -1.215
25 25 10 -1.473
30 25 10 -1.673
35 25 10 -1.76
40 25 10 -1.971
45 25 10 -1.555
50 25 10 -1.814
55 25 10 -1.885
60 25 10 -1.913
70 25 10 -1.867
80 25 10 -1.942
90 25 10 -1.99
-20 30 10 0.957
-15 30 10 0.82
-10 30 10 0.619
-5 30 10 0.169
0 30 10 -0.075
5 30 10 -0.354
10 30 10 -0.595
15 30 10 -0.864
20 30 10 -1.11
25 30 10 -1.37
30 30 10 -1.563
35 30 10 -1.679
40 30 10 -1.878
45 30 10 -1.661
50 30 10 -1.63
55 30 10 -1.782
60 30 10 -1.823
70 30 10 -1.868
80 30 10 -1.886
90 30 10 -1.978
-20 -30 25 0.723
-15 -30 25 0.512
-10 -30 25 0.249
-5 -30 25 0.1
0 -30 25 -0.15
5 -30 25 -0.385
10 -30 25 -0.62
15 -30 25 -0.865
20 -30 25 -1.055
25 -30 25 -1.36
30 -30 25 -1.52
35 -30 25 -1.615
40 -30 25 -1.775
45 -30 25 -1.74
50 -30 25 -1.57
55 -30 25 -1.7
60 -30 25 -1.795
70 -30 25 -1.78
80 -30 25 -1.95
90 -30 25 -1.925
-20 -25 25 0.75
-15 -25 25 0.495
-10 -25 25 0.212
-5 -25 25 0.09
0 -25 25 -0.19
5 -25 25 -0.46
10 -25 25 -0.69
15 -25 25 -0.99
20 -25 25 -1.195
25 -25 25 -1.46
30 -25 25 -1.635
35 -25 25 -1.75
40 -25 25 -1.875
45 -25 25 -1.845
50 -25 25 -1.74
55 -25 25 -1.81
60 -25 25 -1.895
70 -25 25 -1.785
80 -25 25 -1.98
90 -25 25 -1.92
-20 -20 25 0.744
-15 -20 25 0.461
-10 -20 25 0.186
-5 -20 25 0.09
0 -20 25 -0.22
5 -20 25 -0.515
10 -20 25 -0.76
15 -20 25 -1.09
20 -20 25 -1.32
25 -20 25 -1.57
30 -20 25 -1.75
35 -20 25 -1.875
40 -20 25 -1.98
45 -20 25 -1.925
50 -20 25 -1.9
55 -20 25 -1.88
60 -20 25 -1.96
70 -20 25 -1.79
80 -20 25 -1.98
90 -20 25 -1.87
-20 -15 25 0.744
-15 -15 25 0.465
-10 -15 25 0.195
-5 -15 25 0.095
0 -15 25 -0.235
5 -15 25 -0.555
10 -15 25 -0.83
15 -15 25 -1.17
20 -15 25 -1.43
25 -15 25 -1.67
30 -15 25 -1.87
35 -15 25 -1.995
40 -15 25 -2.095
45 -15 25 -2
50 -15 25 -2.05
55 -15 25 -1.95
60 -15 25 -2.02
70 -15 25 -1.81
80 -15 25 -1.96
90 -15 25 -1.885
-20 -10 25 0.711
-15 -10 25 0.47
-10 -10 25 0.203
-5 -10 25 0.111
0 -10 25 -0.232
5 -10 25 -0.566
10 -10 25 -0.892
15 -10 25 -1.208
20 -10 25 -1.519
25 -10 25 -1.763
30 -10 25 -1.989
35 -10 25 -2.111
40 -10 25 -2.216
45 -10 25 -2.13
50 -10 25 -2.156
55 -10 25 -2.043
60 -10 25 -2.113
70 -10 25 -1.873
80 -10 25 -1.911
90 -10 25 -1.969
-20 -8 25 0.709
-15 -8 25 0.47
-10 -8 25 0.205
-5 -8 25 0.122
0 -8 25 -0.224
5 -8 25 -0.563
10 -8 25 -0.891
15 -8 25 -1.215
20 -8 25 -1.55
25 -8 25 -1.797
30 -8 25 -2.058
35 -8 25 -2.154
40 -8 25 -2.287
45 -8 25 -2.251
50 -8 25 -2.216
55 -8 25 -2.17
60 -8 25 -2.094
70 -8 25 -1.943
80 -8 25 -1.881
90 -8 25 -2.071
-20 -6 25 0.697
-15 -6 25 0.471
-10 -6 25 0.202
-5 -6 25 0.122
0 -6 25 -0.224
5 -6 25 -0.566
10 -6 25 -0.91
15 -6 25 -1.239
20 -6 25 -1.564
25 -6 25 -1.794
30 -6 25 -2.095
35 -6 25 -2.2
40 -6 25 -2.269
45 -6 25 -2.286
50 -6 25 -2.203
55 -6 25 -2.184
60 -6 25 -2.124
70 -6 25 -2.059
80 -6 25 -1.955
90 -6 25 -2.029
-20 -4 25 0.697
-15 -4 25 0.467
-10 -4 25 0.203
-5 -4 25 0.122
0 -4 25 -0.221
5 -4 25 -0.571
10 -4 25 -0.924
15 -4 25 -1.25
20 -4 25 -1.558
25 -4 25 -1.806
30 -4 25 -2.107
35 -4 25 -2.24
40 -4 25 -2.301
45 -4 25 -2.27
50 -4 25 -2.158
55 -4 25 -2.111
60 -4 25 -2.124
70 -4 25 -2.274
80 -4 25 -2.005
90 -4 25 -2.039
-20 -2 25 0.696
-15 -2 25 0.483
-10 -2 25 0.207
-5 -2 25 0.121
0 -2 25 -0.227
5 -2 25 -0.572
10 -2 25 -0.939
15 -2 25 -1.269
20 -2 25 -1.555
25 -2 25 -1.82
30 -2 25 -2.112
35 -2 25 -2.242
40 -2 25 -2.21
45 -2 25 -2.239
50 -2 25 -2.175
55 -2 25 -2.204
60 -2 25 -2.134
70 -2 25 -2
80 -2 25 -1.894
90 -2 25 -2.07
-20 0 25 0.71
-15 0 25 0.476
-10 0 25 0.205
-5 0 25 0.125
0 0 25 -0.228
5 0 25 -0.578
10 0 25 -0.946
15 0 25 -1.253
20 0 25 -1.554
25 0 25 -1.814
30 0 25 -2.108
35 0 25 -2.248
40 0 25 -2.337
45 0 25 -2.327
50 0 25 -2.261
55 0 25 -2.231
60 0 25 -2.174
70 0 25 -2.259
80 0 25 -1.899
90 0 25 -2.069
-20 2 25 0.704
-15 2 25 0.481
-10 2 25 0.2
-5 2 25 0.121
0 2 25 -0.231
5 2 25 -0.578
10 2 25 -0.949
15 2 25 -1.24
20 2 25 -1.563
25 2 25 -1.811
30 2 25 -2.106
35 2 25 -2.261
40 2 25 -2.345
45 2 25 -2.289
50 2 25 -2.266
55 2 25 -2.203
60 2 25 -2.177
70 2 25 -2.211
80 2 25 -2.009
90 2 25 -2.026
-20 4 25 0.715
-15 4 25 0.472
-10 4 25 0.194
-5 4 25 0.114
0 4 25 -0.232
5 4 25 -0.599
10 4 25 -0.936
15 4 25 -1.255
20 4 25 -1.549
25 4 25 -1.816
30 4 25 -2.094
35 4 25 -2.255
40 4 25 -2.328
45 4 25 -2.288
50 4 25 -2.262
55 4 25 -2.102
60 4 25 -2.103
70 4 25 -1.885
80 4 25 -2.014
90 4 25 -2.005
-20 6 25 0.72
-15 6 25 0.475
-10 6 25 0.198
-5 6 25 0.107
0 6 25 -0.239
5 6 25 -0.588
10 6 25 -0.945
15 6 25 -1.255
20 6 25 -1.577
25 6 25 -1.798
30 6 25 -2.079
35 6 25 -2.231
40 6 25 -2.271
45 6 25 -2.312
50 6 25 -2.255
55 6 25 -2.135
60 6 25 -2.153
70 6 25 -2.221
80 6 25 -2.101
90 6 25 -2
-20 8 25 0.721
-15 8 25 0.473
-10 8 25 0.198
-5 8 25 0.097
0 8 25 -0.241
5 8 25 -0.577
10 8 25 -0.924
15 8 25 -1.257
20 8 25 -1.578
25 8 25 -1.8
30 8 25 -2.066
35 8 25 -2.198
40 8 25 -2.259
45 8 25 -2.282
50 8 25 -2.153
55 8 25 -2.173
60 8 25 -2.176
70 8 25 -2.212
80 8 25 -2.014
90 8 25 -2.085
-20 10 25 0.721
-15 10 25 0.473
-10 10 25 0.201
-5 10 25 0.101
0 10 25 -0.244
5 10 25 -0.579
10 10 25 -0.913
15 10 25 -1.245
20 10 25 -1.563
25 10 25 -1.785
30 10 25 -2.043
35 10 25 -2.155
40 10 25 -2.229
45 10 25 -2.232
50 10 25 -2.201
55 10 25 -2.107
60 10 25 -2.144
70 10 25 -2.125
80 10 25 -1.825
90 10 25 -2.007
-20 15 25 0.75
-15 15 25 0.465
-10 15 25 0.185
-5 15 25 0.081
0 15 25 -0.244
5 15 25 -0.559
10 15 25 -0.876
15 15 25 -1.198
20 15 25 -1.453
25 15 25 -1.661
30 15 25 -1.943
35 15 25 -2.037
40 15 25 -2.089
45 15 25 -2.099
50 15 25 -2.11
55 15 25 -1.95
60 15 25 -2
70 15 25 -1.97
80 15 25 -1.84
90 15 25 -1.935
-20 20 25 0.75
-15 20 25 0.47
-10 20 25 0.19
-5 20 25 0.077
0 20 25 -0.232
5 20 25 -0.528
10 20 25 -0.813
15 20 25 -1.103
20 20 25 -1.358
25 20 25 -1.595
30 20 25 -1.804
35 20 25 -1.915
40 20 25 -1.991
45 20 25 -2.03
50 20 25 -1.984
55 20 25 -1.892
60 20 25 -1.96
70 20 25 -1.907
80 20 25 -1.899
90 20 25 -1.948
-20 25 25 0.74
-15 25 25 0.49
-10 25 25 0.21
-5 25 25 0.077
0 25 25 -0.207
5 25 25 -0.467
10 25 25 -0.724
15 25 25 -0.99
20 25 25 -1.241
25 25 25 -1.479
30 25 25 -1.681
35 25 25 -1.76
40 25 25 -1.897
45 25 25 -1.945
50 25 25 -1.841
55 25 25 -1.877
60 25 25 -1.93
70 25 25 -1.882
80 25 25 -1.922
90 25 25 -1.989
-20 30 25 0.71
-15 30 25 0.515
-10 30 25 0.25
-5 30 25 0.093
0 30 25 -0.164
5 30 25 -0.398
10 30 25 -0.626
15 30 25 -0.891
20 30 25 -1.097
25 30 25 -1.371
30 30 25 -1.568
35 30 25 -1.67
40 30 25 -1.804
45 30 25 -1.834
50 30 25 -1.637
55 30 25 -1.765
60 30 25 -1.838
70 30 25 -1.874
80 30 25 -1.873
90 30 25 -1.951
